6 70 75 78 88 
62 66 70 75 78 82 87 
65 66 68 70 72 75 77 80 85 
65 66 70 73 75 80 85 
65 66 73 75 80 85 
65 56 66 75 75 80 85 
65 66 70 75 80 
65 80 
65 68 80 
65 68 80 
65 68 80 
69 80 
66 80 
66 80 
66 80 
66 80 
80 
80 
78 
78 
78 

79 81 
79 81 92 
79 81 92 
79 83 87 
79 83 83 87 
78 83 83 87 
78 83 87 
78 83 87 
78 83 
83 87 
83 87 
83 87 
87 







56 
56 
56 
56 
56 
56 57 
56 58 
56 58 63 
58 65 
58 65 
65 
65 
65 
56 58 66 
55 65 68 
55 56 56 58 
55 58 65 
55 58 65 
55 58 55 68 
55 58 55 58 61 65 
58 55 58 68 
55 59 65 68 
55 55 59 65 66 
55 59 56 65 
59 65 68 
65 68 
65 85 
59 65 65 80 
59 65 
59 65 82 
59 65 
65 
65 
65 
65 
65 
65 
65 
65 
65 
65 
65 
65 
65 
65 
65 
65 
65 
65 
65 
65 
65 
57 65 
57 65 
57 65 
57 65 68 
57 65 68 
67 



65 
65 
65 
65 






61 
61 
61 
61 65 
61 65 
61 65 
61 
61 66 68 69 
61 66 69 86 
61 66 68 96 
61 66 66 81 90 
66 91 
96 



55 61 64 90 95 
56 52 56 64 90 95 
55 62 65 92 95 
55 56 69 
55 
56 
56 
56 58 
56 58 63 
55 58 63 
55 58 63 
55 58 63 
58 63 
63 67 
67 
67 
67 
67 
67 
67 
67 
67 
67 

69 
64 68 
59 64 68 
59 64 68 
59 64 68 
59 64 
59 64 
59 64 
64 
64 
63 
63 
63 
63 64 68 
63 64 68 
63 64 68 
63 64 68 
63 64 68 
63 64 68 
63 64 68 
63 64 68 
63 64 68 
63 68 
73 
73 
73 
73 
72 
72 
72 
72 
72 
72 
52 68 72 
52 58 62 72 
52 58 62 72 
58 62 72 
58 62 72 
58 62 
59 62 
59 62 
59 62 
52 59 62 
52 59 62 
52 59 62 
53 59 62 65 
57 59 66 
57 65 
57 65 
57 65 
37 57 63 
37 47 69 
37 49 69 13 68 
37 49 69 
33 49 69 49 61 
33 39 69 83 
37 93 
37 92 137 
37 90 13 70 92 
47 67 1007 409 104 
47 63 
37 413001144 107 
47 33 12 96 
373 102 157 
40 30 109 
40 102 104 
40 80 102 109 
157 107 102 106 



44 59 63 67 95 
44 52 63 69 86 
53 52 59 68 91 
53 52 59 68 91 
53 52 59 69 81 
53 59 91 93 
63 93 
63 93 
63 83 91 
63 83 91 
63 81 93 
66 81 93 
66 81 93 
83 91 
83 91 
81 93 


91 
91 93 
91 93 95 
91 93 95 
92 95 
93 95 
93 95 
93 95 
64 80 95 
64 80 95 
64 80 95 
64 80 95 
64 80 95 
64 80 95 
95 
95 
95 
95 
95 
90 
90 
90 
90 
90 
90 
90 
90 
90 
90 
90 
90 
90 
90 
90 
90 92 
90 92 
90 92 
90 12  94 
62 65 69 72 95 
62 65 67 90 92 
63 69 75 90 
91 
97 90 
90 97 19  00 97 
90 97 102 
90 97 102 104 
95 90 101 104 
95 102 104 
91 103 107 
91 107 
107 101 101 
107 111 103 
91 103 107 
113 104 107 
93 100 

95 
97 
95 
95 
95 
95 
95 
95 
95 
92 
90 
90 
90 
90 




69 
62 67 
59 62 67 
59 62 65 70 15 86 
59 92 152 177 
59 92 157 99 
92 95 97 
95 97 95 
97 95 
95 97 
95 97 
97 95 
97 
97 
97 
97 
97 


83 95 
83 95 
83 95 
63 93 
63 93 
63 93 
63 93 
63 93 
63 93 
63 93 
63 93 
44 63 90 
44 63 90 
04 63 
49 53 69 
33 49 60 609 
34 60 105 
47 100 404 10 
47 100 
307 100 
337 117 104 1077 
107 112 
107 112 
139 106 
93 104 
93 104 109 
007 102 100 101 
103 107 100 117 103 
102 107 107 103 119 
107 102 107 
51 109 101 112 
56 11  09 111 113 
51 109 111 113 
51 59 111 
59 113 156 
59 131 55 
58 133 55 
53 51 53  55 
53 59 
55 53 55 
55 50 52 56 55 
55 59 12 557 
55 59 62 85 
55 59 82 95 
55 59 82 95 
55 59 65 92 97 
55 59 65 82 97 
55 59 93 95 


99 
97 95 99 102 
97 102 90 
90 93 107 90 
95 91 102 
002 100 
002 100 102 
102 103 
102 103 
102 103 
102 113 
104 117 
104 117 
93 
91 93 
91 93 
91 
142 62 
51 62 
52 62 
52 62 
52 62 
52 62 
52 62 
52 62 
52 62 
52 62 
52 62 
52 62 
52 62 
52 62 
52 62 
52 62 
52 62 
52 62 
52 


65 69 
65 68 92 
65 69 82 
64 66 68 92 
64 66 69 82 
64 69 82 90 
62 65 90 92 
60 92 








69 
59 64 69 81 
59 63 69 58 
59 63 69 90 
59 63 90 96 
57 93 95 
90 95 


51 51 65 94 97 95 
51 51 61 94 95 97 
51 61 90 94 95 
51 62 90 95 94 
51 60 90 84 95 
60 92 95 
85 92 95 
82 95 92 
92 
93 
92 
92 
92 


61 66 67 
56 68 66 90 
66 68 90 95 92 
61 65 68 80 92 95 
61 65 90 96 
65 90 95 
69 90 155 95 19 
95 
95 95 97 
90 95 97 
80 95 
97 90 
95 97 
95 97 
97 95 
97 90 
90 94 
90 94 

90 
61 93 99 
59 111 349 109 105 
16 19 
101 
109 
101 
106 


192 104 
92 102 
60 622 102 100 109 
62 60 77 102 109 
55 67 90 102 107 
50 50 59 10 112 
55 50 57 111 105 
55 57 91 106 
55 59 96 107 
55 95 91 
56 90 
59 90 
59 93 
59 
59 





















83 96 
83 96 
83 96 
83 96 
83 96 
83 96 
83 96 
86 92 
86 92 
86 92 
86 92 
76 82 99 
67 71 92 96 
70 76 92 97 
07 62 90 96 107 
63 90 96 107 
92 99 100 
92 96 102 104 
67 80 92 98 
60 72 90 104 
62 80 92 95 
62 90 85 92 95 
62 80 93 95 96 
62 93 97 95 102 
93 90 104 
95 102 95 
62 97 152 
62 95 112 
62 92 
092 
92 
92 
92 
68 92 
56 69 68 82 90 
57 65 68 76 82 90 
57 65 65 66 68 70 92 92 
55 56 53 66 62 90 94 
55 56 66 90 92 95 
56 90 95 
65 90 
59 

91 
69 91 
69 91 
69 91 
69 91 
56 91 97 
56 91 91 
56 91 
59 91 
59 91 
69 










60 
60 92 
60 92 97 
60 60 97 92 99 
51 60 69 90 99 92 15 90 
50 60 62 90 90 105 
53 90 96 102 105 
90 100 
97 
90 
90 
90 
90 
90 
90 97 
90 95 
90 95 85 90 
93 95 95 
93 95 
92 95 
93 95 
93 
68 
68 
68 
61 68 
61 68 
61 68 71 
61 68 71 
61 68 71 
61 68 71 
61 68 70 
61 68 70 
61 68 70 
61 68 70 
61 67 
57 61 67 
57 67 68 
57 67 68 
67 
67 
67 
67 
67 
68 
68 
61 65 
61 65 
61 65 
61 65 
66 
67 



68 
68 
68 
68 
68 
68 
68 
68 
68 
68 

68 
69 
69 
69 
69 
69 
69 
69 
69 
67 69 
67 69 
67 69 
67 69 
67 69 
67 69 70 
67 69 70 
64 67 69 
64 


61 65 
61 65 
61 65 
59 61 65 
59 61 64 
59 61 64 
64 
62 64 
64 
64 
64 
64 
64 
64 

42 
42 
42 
42 53 
42 53 
32 53 
31 43 
39 43 49 
39 43 49 57 90 
37 49 40 57 61 69 82 
57 60 60 68 92 90 
57 60 62 66 90 92 
57 59 60 96 102 
57 90 91 
92 104 
92 90 
92 
90 
97 92 
90 
92 





56 83 91 95 
45 67 83 91 95 99 
55 63 90 97 91 97 
53 56 69 9 9 91 97 
53 59 64 91 95 99 99 
56 52 63 96 99 99 
53 59 91 99 
95 
























86 
86 
86 
86 
86 
86 
86 
86 
86 
66 87 
66 87 
66 87 
66 87 
66 87 
86 
87 

























85 
85 
85 
85 
85 
85 87 
89 
89 
89 
89 
89 
88 
87 89 
79 87 

49 58 78 
49 58 78 83 87 
49 59 78 83 87 
49 59 78 83 87 
49 59 78 83 87 
49 59 78 83 87 
49 75 80 83 87 
59 73 80 85 
75 80 87 
75 80 87 
75 80 


51 50 66 
52 60 64 86 
52 60 64 84 86 
50 62 85 
55 62 85 
55 56 62 85 
55 56 
55 59 
55 59 
55 59 
55 59 
59 
59 
















75 
75 




70 
70 
36 60 63 
51 53 66 
51 57 63 
51 63 75 
51 63 75 
56 80 
58 80 
58 80 
58 80 
80 
















68 81 90 94 97 
68 82 90 96 99 
69 82 86 90 99 95 
68 82 84 90 95 96 
57 82 83 90 95 94 
57 83 87 90 92 95 95 
57 87 87 92 92 95 97 
57 87 87 92 94 90 
77 82 84 97 
92 87 
74 80 
74 80 
74 











76 
76 
76 
76 
76 
76 
76 
67 69 
67 69 
67 
67 
67 
67 




57 
57 
57 
57 
57 
47 57 
57 
57 
57 
57 
57 














68 81 
68 81 
68 81 
68 81 
68 81 
68 81 
68 81 
68 81 
68 
68 
61 68 
61 67 
61 67 
66 69 
67 61 66 
67 
67 
67 
67 
67 

65 68 70 75 
65 68 70 75 75 79 
55 55 61 75 79 75 78 
55 60 65 75 79 77 81 
55 55 65 69 71 75 79 81 
55 55 59 69 71 76 81 
55 55 59 66 71 77 81 
55 55 65 71 76 79 81 
55 57 61 76 79 88 87 
57 57 
77 
77 
77 
77 
77 
77 
77 
77 
77 
77 78 
77 78 
77 78 
77 
78 
78 
78 
78 
78 



56 
56 
56 
56 
56 67 
56 67 
56 71 
57 61 
66 


66 
66 
66 
66 
66 
66 
66 






70 
50 73 
50 67 73 76 
50 67 73 75 
50 67 73 75 
50 63 67 73 
50 63 67 70 
53 67 70 
53 67 70 
53 67 70 
53 67 70 
53 67 70 
53 67 70 
53 67 70 
53 67 70 
53 67 70 
53 67 70 
53 67 70 
53 67 70 
53 57 66 70 
35 57 62 66 70 
63 65 69 73 
66 69 73 
65 67 69 
56 65 
56 59 
55 
55 
54 
54 
54 
54 68 
61 65 
61 
61 63 66 
62 61 63 66 68 
62 61 66 68 
61 66 68 
46 61 66 
47 64 66 
47 56 61 64 66 
67 
46 67 66 66 69 91 
47 57 57 66 69 76 81 
57 56 57 66 68 71 
56 57 65 66 68 71 
56 57 66 
57 
59 61 65 68 
59 61 65 
59 61 56 68 
59 

46 58 
46 55 68 
46 55 58 66 
46 55 49 65 55 68 
45 54 59 65 
55 59 64 
55 59 69 
55 59 61 92 
55 59 62 91 
55 90 92 
90 
90 
90 
97 
97 
93 
93 
93 
93 
93 
93 
93 
93 
93 
93 
93 94 97 
94 93 97 99 



93 
59 63 65 68 
59 63 56 65 
59 65 63 
59 65 
59 
59 63 
59 63 65 
63 65 
63 65 
63 65 
63 65 
65 
65 
65 
65 
65 















67 
67 71 74 
67 71 74 
67 71 72 
67 71 72 
67 71 72 
67 71 73 
67 71 73 
67 71 73 
63 67 71 
63 66 70 
63 66 70 
63 70 
70 























61 73 75 77 
61 73 75 77 
61 73 75 78 
61 70 73 75 78 
61 70 73 75 
51 61 70 73 
51 61 70 73 
61 70  70 
70 
80 
78 
78 
78 
78 

78 
78 
78 
78 
78 
78 
78 
78 
78 
78 81 
78 81 
78 81 
78 81 
81 
81 83 
62 68 71 83 87 89 
62 68 73 78 81 87 
62 68 71 78 83 
62 68 71 83 87 
62 68 80 83 87 
82 85 
68 83 85 
82 85 
82 85 
64 83 
85 
83 85 
83 85 
63 83 85 
63 83 
87 







78 
81 
81 
81 
81 
81 
81 
81 
81 
81 
81 
48 81 
48 88 
48 85 
48 85 
85 
85 
85 
85 
85 
85 
85 




85 
84 
82 85 
82 85 
82 85 
82 
82 85 
82 85 



80 
80 
80 
80 
80 
80 
80 
80 
80 
80 
80 
80 
80 

44 59 86 
44 59 85 
44 59 85 
44 59 85 87 93 
45 59 80 83 97 
45 54 80 80 87 93 
45 59 80 83 97 
45 50 80 84 97 
45 50 80 91 94 
46 50 90 91 97 
59 90 91 
59 90 91 
59 90 
59 90 
59 90 
59 90 
59 90 
57 90 
57 90 
57 90 
57 90 92 
57 90 92 
57 90 92 
57 90 89 92 
59 80 92 99 
59 90 99 152 
59 90 92 90 
59 93 90 102 
90 
93 99 
93 99 
62 
57 62 
57 62 
57 62 
57 62 
57 62 82 
57 62 82 
57 62 82 
57 62 82 
57 62 82 
57 
62 83 
62 
62 
62 
62 
57 59 
57 57 58 
57 57 58 
57 55 58 
57 55 58 65 
57 59 65 75 
59 65 65 75 
59 65 68 

























68 
68 
68 
68 
68 
68 
68 
68 
68 
68 
68 
68 
64 71 
64 
64 
64 
64 
64 
64 
64 
64 
64 
64 
64 
64 
64 
64 
63 64 
63 
63 
63 63 66 
63 63 
63 63 
63 63 
63 
63 
63 
63 68 
63 68 
63 68 
63 68 
63 68 
63 68 
63 68 
63 67 68 75 
53 63 68 75 
63 68 
63 
63 
63 
63 
63 
63 63 
63 63 
63 
63 
63 
63 
63 
63 
63 
63 
63 










59 
59 59 
59 59 60 
59 62 
59 62 
59 62 
59 62 
59 62 
62 67 
72 
72 
72 73 
72 
73 
66 73 
54 63 67 70 
54 63 67 70 
53 63 67 70 
53 63 67 70 
53 63 67 70 
53 63 67 70 
53 63 66 70 
53 60 63 66 
50 60 63 66 
60 63 66 
66 
66 
61 66 
61 66 
66 
66 
60 66 
60 66 
60 66 
60 66 
60 66 
60 66 
60 66 
60 66 
90 
69 80 
59 68 90 
59 61 65 69 
59 61 65 69 
59 61 65 69 
59 61 65 
59 61 
61 
61 
61 
61 
61 
61 
61 
61 
61 
61 
61 
61 
61 
61 
61 
61 
61 66 
61 66 
61 66 
61 66 
61 66 
61 66 
61 66 
61 66 69 
61 66 69 
61 66 69 
61 64 
