6 70 82 
66 70 82 
66 70 82 
66 70 82 
66 70 82 
66 70 82 
70 82 
70 72 82 
70 82 
70 82 
70 82 
70 82 
70 82 
70 82 
70 82 
70 82 
70 82 
70 82 
70 82 
70 
70 
70 
61 70 
61 63 
61 73 
61 
61 
61 
61 
61 
61 
61 
61 
61 
61 
61 
61 
61 
61 








66 73 75 
66 73 75 
66 68 75 
66 68 75 
66 68 75 
66 68 75 
66 68 75 
66 68 75 
66 68 75 
66 68 75 
66 68 75 
66 68 75 
68 75 
68 70 
68 70 
68 70 
49 65 70 
49 60 65 70 
49 60 63 68 
49 60 63 68 
49 60 63 68 
49 60 63 68 
49 60 63 68 
49 60 63 68 
60 63 
60 
60 










61 65 
61 65 
61 65 
61 65 
61 65 
65 
65 68 
65 68 
68 
68 
68 
73 
73 
73 
73 
73 
73 
73 
73 
73 


64 73 
64 73 
64 73 
64 73 
64 73 
64 73 
64 73 
64 
64 
64 
47 54 62 65 
47 54 62 65 
47 54 62 65 
47 56 62 64 
57 62 64 
57 64 
64 






































65 
65 
65 
65 
65 
65 
65 
65 
65 
65 











59 
59 
59 





































61 65 67 70 
46 51 61 65 67 70 
45 51 61 65 67 70 
45 51 61 65 70 75 
41 51 65 70 
61 

























64 
64 
64 
64 
64 
64 67 
64 67 69 72 76 
67 69 69 72 77 
66 69 70 73 77 
66 69 70 77 
66 69 77 
66 69 77 
66 69 
66 
66 
49 59 66 70 73 77 
49 59 63 67 70 73 
49 59 63 70 73 
59 63 73 

63 
49 62 
49 62 
47 62 
47 62 
47 62 70 71 
47 62 71 
62 63 71 
62 63 
62 73 




55 
55 
55 
55 
55 71 
55 71 
55 71 
55 71 
55 71 
71 
71 
71 
71 
71 73 
73 
73 
70 73 
70 73 
70 73 
56 70 77 
56 70 77 
56 70 77 80 
56 70 77 80 
56 70 76 77 80 
56 70 76 77 80 
56 70 76 77 80 
56 70 76 77 80 
70 76 77 80 
76 











75 81 
75 81 
75 81 82 87 
75 81 82 87 
75 81 82 87 
75 81 82 87 
75 81 82 87 
75 81 82 87 
81 82 
82 
82 
82 












74 78 
74 78 
74 78 
74 78 
74 78 
74 78 
74 
















46 63 71 77 80 
46 61 70 73 77 
46 61 70 73 77 
46 61 70 73 77 
46 61 75 77 
75 
75 
75 
75 
75 
75 
























66 67 71 
66 67 71 
66 67 71 
66 67 71 
66 67 71 
71 
71 
71 
71 
70 71 
70 71 
70 71 
59 70 71 
59 70 71 
59 70 71 
59 68 70 71 
68 70 71 
68 71 
68 71 
71 
71 
70 71 
70 71 
51 70 71 
51 71 
51 61 71 
45 61 71 
45 61 71 
45 61 71 
46 51 71 
65 71 
65 71 
65 71 
65 71 
65 71 
65 
65 
65 79 
65 79 
65 79 
65 79 
65 79 
69 
69 

49 
49 
49 75 
49 75 
49 75 
49 75 
49 75 
49 75 
49 75 
49 75 
49 75 
49 75 
49 
49 74 77 
74 77 
74 
73 74 76 
73 76 74 
74 76 
74 76 
74 76 
74 76 
74 76 
74 76 
74 76 
74 76 
44 74 75 
44 74 75 
44 74 75 
47 74 
57 74 
74 
74 
73 74 
73 74 
73 74 
74 77 
74 77 
77 
70 73 77 80 
70 73 78 80 
70 78 80 
78 70 80 
78 80 
78 


54 64 
54 59 64 66 71 
55 59 64 66 71 
55 59 64 66 71 
55 59 64 66 71 
55 59 64 66 71 
55 59 64 66 71 
55 59 64 66 71 
55 59 64 66 71 
55 59 64 66 71 
55 59 64 66 71 
55 59 64 66 71 
64 66 71 















59 65 70 
59 65 68 70 
59 65 68 70 
59 68 70 
70 










59 
59 
59 
59 
59 
59 
59 
59 


63 
63 
63 69 
63 66 69 
63 66 69 
63 66 69 
63 66 69 
63 66 69 
63 66 69 
66 69 

























62 66 69 74 
62 66 69 74 
62 66 69 74 
62 66 69 74 
69 62 66 69 74 
62 66 69 74 
62 66 69 74 
66 69 74 
69 74 











73 
73 
73 
73 




78 
78 
78 
78 
78 
78 
78 
78 
78 

52 
52 62 67 71 
45 52 61 64 73 
45 52 61 64 73 
45 52 61 64 73 
45 52 61 64 73 
45 52 61 64 73 
45 62 71 74 
55 61 74 
56 64 71 
63 66 71 
66 































41 58 
41 58 
41 58 
41 58 
48 
48 
48 

































65 76 
65 76 
65 76 
65 76 
65 76 
65 76 
65 76 
65 76 
65 76 77 
75 76 77 
75 76 
75 
62 66 74 75 
62 66 69 74 76 
62 66 69 74 76 89 
62 66 69 74 78 81 86 
69 82 88 
88 
88 
88 
86 88 
86 
86 
86 
86 













59 
49 59 
49 59 
49 59 
49 59 
49 59 
49 
49 


















85 90 97 
85 90 93 97 
85 90 93 97 
85 90 93 97 
85 90 97 
90 95 97 
90 95 97 99 102 
95 99 102 106 
95 99 107 105 
95 97 102 106 
95 97 102 105 
95 102 105 
95 102 105 
95 102 105 


























61 68 71 90 
61 64 67 71 90 95 
61 64 67 70 78 81 90 95 
61 64 67 70 78 80 85 91 
61 64 67 70 78 80 85 91 
61 64 67 70 85 91 
61 64 67 70 78 90 85 
61 64 67 70 78 85 91 
61 64 67 70 79 85 88 91 90 
64 64 68 70 78 81 85 90 
64 68 71 85 90 
64 75 80 86 90 
74 85 
75 
75 
75 























52 58 61 79 
52 58 61 79 82 
52 58 61 69 72 80 
52 58 61 64 68 72 80 
51 48 63 79 82 80 
48 63 79 82 80 
68 79 82 85 
82 75 79 82 
82 




79 
79 
79 
79 
79 
79 
79 
79 











69 76 81 
69 76 81 
69 76 81 
69 76 81 
69 76 81 
69 76 81 
69 76 81 
69 76 81 
69 76 81 
69 76 81 
69 76 81 






71 
71 
71 
71 
71 
71 
59 70 
59 70 
59 70 
59 70 
59 68 70 
58 68 70 
58 60 
58 60 64 
58 64 
64 
64 
64 
62 64 
62 64 
62 64 
62 64 
62 64 
62 64 
62 64 
62 64 
62 64 
62 64 
62 64 
62 64 
62 

















73 
73 
73 
73 
73 
73 
73 
73 
73 
74 
74 
74 
74 
74 
74 
74 
74 










48 58 
48 58 75 
48 58 75 
48 58 75 
48 58 75 
48 75 
48 75 
75 
75 


















63 
63 
63 
63 
63 
63 
63 
63 
63 
63 
63 




76 
76 
56 66 70 76 
56 60 66 70 75 
56 60 66 70 75 
56 60 66 70 
56 60 70 
56 70 






















65 
45 58 64 66 
45 58 64 66 
45 64 66 
44 58 66 74 
45 58 64 67 
54 64 68 

















































75 
75 
75 
75 
75 
75 
75 
75 



75 
75 
75 
75 
75 
75 
75 
75 
75 
75 



























62 71 
62 66 69 71 
62 66 69 71 
62 66 69 71 
62 66 69 71 
62 66 69 71 
62 66 69 71 
62 66 69 71 
62 69 71 
62 69 
62 















65 
65 
65 
65 
65 
65 
65 
65 
65 
49 65 
49 
49 
49 
49 







































58 
58 
58 
58 
58 60 
58 60 64 67 
58 60 64 67 70 74 
58 60 64 67 70 74 
56 60 64 67 70 74 
65 69 74 
59 65 69 74 
59 65 69 74 
59 65 69 74 
59 65 69 74 
59 75 










































67 
67 
67 
67 
67 
67 
67 
67 
67 

































57 
57 61 64 67 
57 61 64 67 
57 61 64 67 
57 61 64 67 
57 61 64 67 
57 61 64 67 
57 64 













































64 83 
64 75 78 80 83 85 
64 75 78 80 83 85 
64 75 78 80 85 
64 75 80 84 
75 84 










56 64 66 76 80 83 
56 66 76 80 83 87 90 
56 66 71 75 78 80 83 
56 66 71 75 79 80 83 
56 66 71 75 79 80 83 
66 75 79 80 83 85 
67 79 85 
75 79 
75 
75 
75 
75 
75 




50 65 
40 55 60 66 
40 50 59 65 66 
40 50 59 64 66 
40 50 59 64 68 
50 54 59 65 68 








































47 75 85 
47 59 75 80 
47 59 75 80 
45 75 80 
45 75 80 
45 70 85 
45 70 85 
45 70 85 
45 80 
55 80 
85 90 
90 
90 











51 
51 
51 
51 
51 




74 
74 86 
74 76 86 
74 76 86 
74 86 
74 86 
74 86 
74 86 
74 86 
74 86 
74 86 
74 86 
74 86 
74 86 
86 

















70 76 
70 76 80 
69 70 76 80 
60 68 70 76 80 85 
61 66 70 75 80 86 
60 66 70 80 86 
60 66 70 76 80 85 
60 66 70 76 85 88 
66 77 85 88 
66 75 84 87 
65 84 
80 
80 
80 
80 
80 











73 
73 
73 
73 
73 
73 




72 
72 
72 
72 
72 
72 
72 





















51 73 80 
41 51 73 77 80 
41 51 73 77 80 
51 73 77 
73 
73 
73 













78 81 
77 81 88 
77 81 86 88 
77 81 86 88 
76 81 88 
76 81 88 
76 81 88 
76 88 
76 88 
76 88 
56 76 
56 76 
56 76 
56 74 76 
56 74 76 
57 64 76 77 83 
76 77 78 
76 77 78 
76 77 78 
71 74 77 78 
71 74 77 
71 74 77 
71 74 77 
74 77 
74 77 
74 77 
77 
77 
73 77 
73 77 
73 
73 
73 
73 
73 
72 73 73 75 
71 72 73 75 
71 73 75 
71 73 75 
73 75 
68 73 
68 73 
68 73 
68 73 
68 73 
68 73 
68 73 
67 73 
67 73 
67 73 
67 73 
67 73 
67 73 
66 67 
66 67 
56 66 
56 64 66 
56 64 66 
56 64 66 
56 64 
64 
64 
64 
64 







58 64 67 75 
58 64 67 75 
58 64 67 75 
58 64 67 75 
58 64 67 75 
58 64 67 75 
58 64 67 75 
64 67 75 
64 67 75 
64 67 75 
64 67 75 
64 67 75 
64 67 
64 
64 



































81 
81 
81 
81 
81 
81 
81 
81 
81 
81 












84 
84 87 
84 87 
84 87 
84 87 
84 87 
84 87 
84 87 
87 
87 
87 
87 
87 
87 
87 
87 
87 
87 
87 
90 
90 
90 
90 
90 
90 
90 
90 
90 
90 
90 
90 
90 
90 
90 
90 
90 
90 
90 
90 
90 
88 90 
86 90 
86 90 
76 90 
76 

52 62 
52 62 87 
52 62 78 
52 62 78 
52 62 78 86 
52 62 78 86 
52 62 78 86 
52 62 78 86 
52 62 78 86 
52 62 78 
52 88 




















67 
67 71 
67 68 71 
67 68 71 
67 68 71 
67 68 71 
67 68 
66 68 
66 68 
66 68 
66 68 
66 68 
66 68 
66 68 
66 68 
66 
66 



46 
46 
46 
46 
46 





























48 
48 
48 
48 
48 
48 
80 
70 
70 
70 
70 

























62 70 
47 62 66 70 
47 60 66 72 
47 60 67 71 
47 67 71 
67 71 
71 
71 




















74 
74 
74 
74 
74 
74 
74 
74 
74 
74 
74 
75 
75 
61 
61 
61 




















65 
65 
65 
65 
65 
65 
65 
65 




70 
70 
70 
70 
70 
70 
70 
70 
70 





















43 
43 
43 
43 
43 
43 
43 
43 















56 
56 
56 
56 
56 
56 




































61 
61 
61 
61 
61 
61 
61 
61 
61 





















































62 67 74 
62 64 67 70 74 
62 64 67 70 74 
62 64 67 70 74 
62 64 67 70 74 
62 64 67 70 74 
62 64 67 70 74 
74 
74 
74 


























































63 
63 
63 
63 66 
63 66 
63 66 
63 66 
63 66 
66 


49 
49 
49 
49 
49 90 
78 80 
78 
78 
78 
78 














79 
79 
79 
79 
79 
79 
79 


78 
78 
78 78 80 
78 77 79 
77 78 77 
77 78 77 
77 78 
77 
75 
75 
75 78 
75 78 
75 78 
75 78 82 
75 78 82 
78 82 
78 82 
82 
42 82 84 
42 82 84 
42 82 84 
42 72 84 
42 78 44 72 77 80 
48 77 77 78 
48 77 
78 
78 
78 
78 
78 
78 
78 
78 
78 
78 
78 



80 
80 
80 
80 
80 
80 
80 
80 
80 
76 80 80 
66 71 80 
66 71 80 
66 70 80 
70 
70 

52 66 
52 61 66 
52 58 61 66 
52 58 61 66 
52 58 61 66 
52 58 61 66 
52 58 66 
68 
68 
59 65 68 
59 65 68 
59 65 68 
59 65 68 
65 68 
65 68 








61 
61 
61 
61 
61 
61 
61 
61 
61 


65 
65 
65 
65 
65 
65 
65 
65 
65 
65 
65 
65 68 
65 68 
65 68 
68 
68 
68 
68 
68 
68 










76 
76 
76 
76 
76 
76 79 
76 79 
79 
79 
79 
79 
79 
79 
79 
79 
79 
79 
80 
80 
80 
80 
80 
80 
80 
80 
80 


80 
80 
80 
80 
80 
80 








44 
44 
44 
44 



50 
50 
50 
50 
50 
50 
50 
50 
50 
50 


49 
49 62 90 
49 62 70 78 80 81 82 
49 66 70 78 82 80 89 
47 62 73 78 82 89 90 
47 63 78 82 87 90 95 
62 73 78 85 87 90 92 95 
73 78 82 85 90 
73 78 82 85 90 
78 82 85 90 
80 82 85 


























61 
46 61 81 
46 61 81 
46 8
