6 70 73 15 78 112 70 
66 70 71 72 75 80 
66 70 72 75 80 
66 72 75 80 91 
75 92 
92 










72 78 
66 72 78 
66 72 78 
66 72 78 
66 72 78 
66 72 78 
66 72 78 
66 72 78 
66 72 78 
78 





















































76 
76 
76 
76 
76 
76 
62 76 
62 74 76 
62 74 76 
62 74 
62 74 
74 
74 
74 
74 


















































48 
48 58 
48 58 
48 58 
48 58 
48 58 
48 58 
48 58 
48 58 
48 









































78 
78 
78 
78 
78 
















76 
76 
76 
76 
76 
76 
76 
76 



74 
74 
74 
74 
74 
74 
74 
74 












79 
79 
79 
79 
79 
79 
79 
79 













49 59 
49 59 
49 59 69 
49 59 69 
49 59 69 71 
49 59 69 71 
49 69 71 
69 71 
69 


























65 
59 65 
59 65 
59 65 
59 65 
59 65 
59 65 
59 65 
59 65 











































42 58 78 
42 58 75 
42 58 65 68 70 73 
42 58 65 68 70 73 
42 58 65 68 70 73 
42 58 65 68 70 73 
42 70 75 

37 
49 
49 



















64 
52 64 69 
52 64 69 
52 64 69 
52 64 69 
52 64 69 
52 64 69 
52 64 









69 
59 62 66 69 
52 59 62 66 69 
52 59 62 66 69 
52 59 62 66 69 
52 59 62 66 69 
52 62 69 
52 62 
52 62 
52 62 
52 62 
62 









































67 71 
67 69 72 
67 69 72 
67 69 72 
67 69 72 
69 72 





















71 
71 
71 
71 
71 
71 
71 
71 
71 
71 



69 72 
59 62 66 69 72 
59 62 66 69 73 82 
59 62 66 68 73 80 
58 62 66 68 73 80 
59 62 63 66 68 70 82 
58 63 66 70 82 
63 70 72 75 
70 72 75 






































75 80 
71 75 78 80 
71 75 78 80 
71 75 78 80 
71 75 80 
80 

























42 
42 58 73 
42 58 73 
42 58 73 
42 58 73 
42 58 73 
58 73 



















79 
79 
79 
79 
79 
79 
79 
79 
79 
49 59 79 
49 59 
49 59 80 
49 59 80 
49 59 80 
49 59 80 
49 59 80 
59 80 
59 80 
59 80 
59 70 80 
70 80 
70 80 
70 80 
70 80 






61 
61 64 
61 64 80 
61 64 80 
61 64 80 
61 64 75 80 
61 64 70 80 85 
64 75 80 
64 80 
64 
64 
64 
64 
64 
64 
64 
64 
64 
64 
64 
64 
64 
60 64 
60 
60 
















































91 
78 91 
78 91 
78 81 91 
78 81 91 
78 81 
78 81 
78 81 
78 81 
81 




80 
80 
80 
80 
80 
80 
80 









80 
80 
80 
80 
80 
80 
80 

























79 90 
79 90 
79 90 
79 90 
79 90 
79 90 
79 90 
90 









75 78 87 
75 78 83 87 
75 78 83 87 
75 78 83 87 
75 78 83 87 
75 78 83 87 
75 78 83 87 
78 







60 70 
60 66 70 78 
60 66 70 78 82 
60 66 70 78 82 
60 66 70 78 82 
60 66 70 78 82 87 
66 68 72 80 87 
66 66 80 82 
66 82 
66 








































62 68 74 
62 67 74 81 
62 67 72 84 
51 62 67 74 81 
52 61 64 77 82 81 
51 61 64 67 71 79 82 
51 61 64 67 71 79 82 
51 64 71 79 82 
51 64 71 79 82 
64 71 79 82 
76 


























75 
75 
75 
75 
75 
75 
75 













79 
79 
79 
79 
79 
79 
79 










































48 64 
48 64 
48 64 
48 64 
48 64 
48 64 
48 64 
48 64 
48 64 
48 64 

































80 
80 
80 
80 


























51 56 
51 56 
51 56 
51 56 
51 56 
51 56 
51 56 
51 56 
56 
56 






















43 58 
43 58 
43 58 
43 58 
43 58 
43 58 
43 
43 




































43 
43 
43 
43 
43 
43 
43 
43 
43 










































43 
43 
43 
43 
43 
43 
43 
43 
43 
43 



46 
46 
46 
46 
46 
46 
46 
46 
46 



61 68 
61 66 69 78 
61 66 69 78 
61 66 69 78 
61 66 69 78 
66 78 
78 
78 

73 
73 
73 
73 
73 
73 
73 
73 
73 
73 




40 
40 78 
40 78 
40 78 
40 78 
40 78 
40 
40 









































41 48 
41 48 
41 48 
41 48 
41 48 
41 48 
41 48 
41 48 
41 48 
41 48 
48 
48 
48 
48 
48 
























81 
81 
81 
81 
81 
81 
81 





40 62 
42 60 
42 60 
42 60 
42 60 
42 60 
42 60 
42 60 
42 60 
42 60 
42 60 
42 60 
42 60 
42 60 
42 60 
42 60 
42 60 
42 60 
42 60 
42 60 
42 60 
42 60 
42 60 
42 60 
42 60 





52 
52 58 63 
52 58 63 
52 58 63 
52 58 63 
52 58 63 
52 58 63 
58 63 
63 
63 
63 
63 
63 
63 
63 






























66 
66 
66 
66 
66 
66 

























49 58 62 66 69 
48 59 62 66 69 
49 59 62 66 69 
42 57 60 66 69 
62 66 













































69 
59 61 64 66 69 
58 61 64 66 69 
58 61 64 66 69 
58 61 64 66 69 
58 61 64 66 69 
58 61 64 66 69 
58 61 64 66 68 
61 64 68 
61 64 68 



















78 82 90 
78 82 85 90 
78 82 85 90 
78 82 80 
82 
82 
















73 78 
73 78 82 
73 78 82 
73 78 82 
73 78 82 
73 78 82 
73 78 82 
73 78 82 
68 73 78 82 
68 73 78 82 
68 73 78 82 
68 73 78 82 
68 73 78 82 
68 73 78 82 
68 73 78 82 
68 73 78 82 
68 73 78 82 
68 73 78 82 
68 73 78 82 
68 73 78 82 
68 73 78 82 
68 73 78 82 
68 73 78 82 
68 73 78 82 
68 73 78 82 
68 73 78 82 










46 53 
46 53 68 
46 53 68 
46 53 68 
46 53 68 
46 53 68 
46 53 68 
68 





























63 70 
63 70 74 
63 70 74 
63 70 74 
63 70 74 
63 70 74 
63 70 74 
63 70 74 
63 70 74 
70 

















































75 



















48 63 66 78 
48 63 66 78 81 92 
48 57 63 66 68 71 82 
47 57 63 66 81 92 
47 57 63 66 81 
57 62 66 83 
82 
82 
82 
82 




71 83 
66 71 83 
61 67 83 
61 67 83 
61 67 83 
61 67 83 
66 83 
83 
83 










81 93 
81 88 93 
81 88 93 
81 88 93 
81 88 93 
81 88 93 
81 88 93 
81 93 




47 64 80 93 
47 63 80 93 
47 63 90 157 
47 57 63 90 95 
47 57 63 90 95 
47 57 63 90 95 
47 57 63 90 95 
47 57 63 90 95 
47 57 63 95 
47 57 93 





























59 61 64 68 
59 61 64 68 78 
59 61 64 68 78 
59 61 64 68 78 
59 61 64 68 78 
59 64 78 
59 68 74 
74 
74 
74 












69 
69 
69 
69 
69 
69 
69 
69 

































67 
67 
67 
67 
67 
67 
67 
67 
67 

































57 64 69 
57 64 69 
57 64 69 
57 64 69 
57 64 69 
57 64 69 



71 
71 
71 
71 
71 
71 
71 
71 







































63 70 
57 63 70 73 
57 63 70 73 
57 63 70 73 
57 63 70 73 
57 63 70 73 
57 63 70 73 
57 63 70 73 
70 73 





























66 68 71 
51 66 68 71 
51 66 68 71 
51 66 68 71 
66 68 71 






























79 
79 
79 
79 
79 
79 
79 
79 
49 70 79 
49 59 70 73 
49 59 65 70 73 
49 59 65 70 73 
49 59 65 70 73 
49 59 65 70 73 
49 59 65 70 73 
59 65 70 73 
65 70 73 
73 
73 
73 
73 
73 
73 
73 
73 
73 






















































53 
53 
53 60 64 
53 60 64 69 
53 60 64 69 
50 63 64 69 
50 64 69 



























56 
56 
56 
56 
56 
56 
56 






































70 
70 
70 
70 
70 





















78 
66 67 73 77 
66 67 73 
66 67 73 
66 67 73 
66 67 73 
66 67 73 
66 67 73 
66 73 
74 

















74 
74 
74 
74 
74 
74 























65 66 69 
65 66 69 
61 65 66 69 
61 65 66 69 
61 65 66 69 
61 65 66 69 
61 65 66 69 
61 65 66 69 
65 69 





















































56 
56 
56 
56 
56 
56 








































75 
75 
75 
75 
75 
75 
75 
75 
75 























65 70 74 
55 60 65 70 74 
50 65 69 70 74 75 
55 65 69 70 74 75 
55 65 69 70 74 75 
55 65 69 70 74 75 
55 65 69 74 75 
55 65 69 74 
55 65 69 74 
55 65 69 74 
65 69 74 
69 







































64 67 
50 64 67 61 
50 64 67 71 
50 64 67 71 
50 64 67 71 
50 64 67 71 
50 64 67 71 
50 64 67 71 
71 
71 














































59 68 69 
59 62 64 68 69 
59 62 64 68 69 
59 62 64 68 69 
59 62 64 68 69 
59 62 64 68 
59 62 64 68 






















83 
83 
83 
83 
83 
83 
83 
83 




48 
48 
48 83 
48 83 
48 83 
48 83 
48 83 
83 
83 





















82 
82 
82 
82 
82 
82 
82 
82 
82 
82 












83 
83 
83 
83 
83 
83 
83 
83 
83 


91 
91 
91 
91 
91 
91 
91 
91 
91 
91 



47 66 
47 63 66 90 
47 56 63 68 83 95 
47 56 63 83 89 
46 56 83 99 
85 99 
95 



83 
83 
83 
83 
83 
57 
57 
57 
57 
57 
57 
57 
57 


82 
82 
82 
82 
82 
82 
















84 90 
72 74 80 85 88 80 83 
72 80 83 85 88 92 
73 85 88 92 
82 83 88 
82 83 


















85 
85 
85 
85 
85 
85 
85 
85 
85 
85 
85 














80 86 88 
80 86 88 92 
80 86 88 92 
80 86 88 92 
80 86 88 92 
80 86 88 92 
80 86 88 92 
80 86 88 92 
80 86 88 92 
47 86 92 
92 












96 
84 88 91 96 
84 88 91 96 
84 88 91 96 
84 88 91 96 
84 88 91 96 
88 91 96 
91 


96 
96 
96 
96 
96 
96 
96 
96 





48 64 
48 58 
48 58 
48 58 
48 58 
48 58 
48 58 
48 58 
48 58 
48 58 
48 58 
48 58 
48 58 
48 58 
58 
58 

68 
68 
68 
68 
68 
68 
67 80 
67 80 
67 80 
67 80 
66 80 
80 
80 
80 
80 
80 
80 
80 





85 
85 
85 
85 
85 
85 
85 
85 
85 
85 
85 
83 
49 83 
49 83 
49 83 85 
49 83 85 
49 83 86 
49 83 86 
49 83 
49 83 
49 83 
49 83 
49 83 
49 83 
49 83 
49 83 
83 
83 






















73 85 
73 85 
73 85 
73 85 
85 

















92 
92 
92 
92 
92 
92 
92 
92 




66 78 82 90 
46 66 76 80 92 
56 60 66 76 90 92 
50 60 66 67 90 92 
56 60 66 90 
56 60 92 
56 90 92 
90 92 94 
90 92 
90 92 
90 
90 
90 



63 
56 63 
56 63 
56 63 92 
56 62 83 
56 62 83 
82 
82 
82 
82 
82 
82 















77 84 
67 73 77 89 
67 73 78 87 
63 67 75 78 83 87 
63 66 68 71 75 78 83 87 
63 66 68 71 78 83 87 
63 66 68 71 78 83 87 
63 66 68 71 78 83 87 
63 66 68 71 83 87 
63 66 68 71 83 
83 
83 























78 
78 
78 
78 
78 
78 
















43 75 
43 75 
43 75 
43 75 
43 75 
43 75 











60 
46 60 
46 60 
46 60 
46 60 
46 60 
46 





































61 64 67 71 
61 64 67 71 
61 64 67 71 
61 64 67 71 
64 67 
64 



































58 62 
58 62 
58 62 
58 62 
58 62 
62 
62 
























































53 
53 
53 
53 
53 
53 
53 






59 64 68 73 76 
49 59 64 68 73 76 
59 64 68 73 76 
59 64 68 73 76 
59 64 68 73 76 
59 68 73 76 
73 





































62 66 71 
62 66 71 
62 66 71 
62 66 71 
62 66 71 
71 














67 
67 
67 
67 
67 
67 
67 
74 
74 
74 
74 
74 
74 
72 
72 
72 
71 72 
71 72 
71 
71 
71 
71 
71 
71 
71 
71 
71 
71 









62 66 69 
62 66 69 
62 66 69 
62 66 69 
62 66 69 
62 66 69 
62 66 69 
64 69 







49 
49 
49 
49 65 
49 65 
37 49 65 
37 64 6
