6 70 73 
51 60 66 70 73 
51 66 70 73 75 
66 70 73 75 
66 73 















55 
55 
55 
55 
55 
55 
55 
55 
53 



































70 
70 
70 
70 
70 
70 
70 







70 
70 
70 
70 
70 
70 































69 73 
69 73 
69 73 
69 73 
69 70 
69 70 
69 70 
70 
70 




71 
71 
71 
71 
71 
71 
71 








51 
51 
51 
51 
51 
51 
51 

56 70 
56 60 66 70 72 75 
56 60 66 70 72 75 
56 60 66 70 72 75 
56 60 66 70 72 75 
56 60 70 72 
56 72 












































57 
57 
57 
57 
57 

72 
72 
72 
72 
















61 67 71 78 
61 64 67 71 78 
61 64 67 71 78 
61 64 67 71 78 
61 64 67 71 78 
64 67 71 78 
64 67 71 78 
64 67 71 78 
64 78 
64 



















































66 
66 
66 
66 
66 
66 



















53 
53 
53 
53 
53 
53 
53 












66 70 73 
66 70 73 
66 70 73 
66 70 73 
66 70 73 
66 70 73 
66 70 73 
66 70 
66 
66 







69 
69 
69 
69 
69 
69 
69 




82 
82 
82 
82 
82 





81 
81 
81 
81 
81 
81 
81 
81 
81 
81 
81 
81 
81 
81 
81 
81 
81 
81 
81 
78 
52 72 
52 72 
52 71 
52 71 
52 71 
71 













58 
58 
58 
58 
58 
58 

















53 72 
53 72 
53 72 
53 72 
53 72 
72 
72 
72 











63 67 74 78 
63 67 74 78 
62 67 74 78 
62 67 74 78 
62 67 74 78 
62 67 74 78 
62 67 74 78 
62 67 74 78 
77 










83 
83 88 
83 88 
83 88 
83 88 
83 88 
83 88 
83 


















78 
78 
78 
78 





48 77 
48 77 
48 77 
48 77 
48 77 
48 77 
48 77 
48 77 
87 










81 
68 81 
69 81 
69 81 
69 81 
69 81 
69 81 
69 81 
69 81 


74 
74 
74 
74 
74 
74 
74 
74 
74 
74 










52 
52 
52 
52 
52 
52 
52 
52 
52 
52 
52 
52 
52 








65 
65 
65 
65 
65 
65 
65 
65 
65 77 
67 
67 
67 
67 
67 
67 
67 
67 
67 





































73 
73 
73 
73 
73 
73 
73 
73 
73 
73 
73 
























69 
59 62 66 69 
59 62 66 69 
59 62 66 69 
59 62 66 69 
59 62 66 69 
59 62 66 69 
59 62 66 69 
59 62 












66 
66 
66 
66 
66 
66 




69 
69 
69 
69 
69 
69 
69 
69 
69 



















52 62 67 71 76 
52 62 67 71 76 
52 62 67 71 76 
52 62 67 71 76 
52 62 67 71 76 
52 62 67 71 76 
52 62 71 
66 71 
66 71 
66 


71 
68 71 
68 71 
68 71 
68 71 
68 71 
68 71 
68 71 
71 












71 79 83 
71 79 83 
61 71 79 83 
61 71 77 79 83 
61 77 79 83 
71 77 79 
71 79 


58 
48 58 
48 58 
48 58 
48 



















44 
44 
44 
44 
44 
44 
44 51 
54 
54 
54 75 
54 75 77 
55 77 
55 77 
51 57 70 76 77 82 88 
50 58 65 77 82 88 
58 77 82 88 
77 82 
82 


















34 
34 
34 
34 
34 
34 
34 
34 
34 
34 


66 
66 
66 
66 
66 


































68 
59 63 65 68 
59 63 65 68 
59 63 65 68 
59 63 65 68 
59 63 65 68 
59 63 65 
59 




































49 70 
49 59 65 70 
49 59 65 70 
49 59 65 70 
49 59 65 70 
59 65 
65 































































65 
65 
65 
65 
65 
65 
65 


















52 59 62 66 69 
52 59 62 66 69 
52 59 62 66 69 
52 59 62 66 69 
52 59 62 66 69 
52 59 62 66 69 
52 62 69 
52 59 62 69 
52 59 62 69 
59 69 













69 
69 
69 
69 
69 
69 
69 
69 




52 62 67 69 
52 62 66 69 
52 62 66 69 
52 62 66 69 
52 62 66 69 
52 62 66 69 
52 62 66 69 
66 69 
66 

























































































































49 
49 
49 
49 
49 
49 70 73 
70 73 
69 70 73 
69 70 73 76 
69 70 73 76 
69 70 71 73 76 77 
69 71 76 









75 
75 
75 
75 
75 
75 
75 








78 
78 
78 
78 
78 
78 
78 
78 
78 

66 
61 63 66 80 
61 63 66 80 
61 63 66 80 
61 63 66 80 
61 63 66 80 
61 63 66 80 
61 63 66 80 
61 63 66 80 
61 63 66 80 
66 80 
80 
80 

















92 
92 
92 
92 
90 92 
90 92 
90 92 
90 92 
90 
88 90 
88 90 
88 90 
88 
88 
88 
88 
88 
88 
88 
88 
88 
88 
88 
86 88 
86 88 
86 
86 
84 86 
84 86 
84 
84 
84 
84 
84 
77 84 
77 
77 
77 
77 
77 
77 
77 
70 77 
70 
70 
70 
70 
70 
70 
70 
70 




73 
73 
73 
73 
73 
73 
73 
73 
59 73 
59 62 65 68 
59 62 65 68 
59 62 65 68 
59 62 65 68 
59 62 65 68 
59 62 65 68 
59 62 65 68 
59 62 65 68 
59 62 65 68 
59 62 65 
59 62 
59 
59 
59 
































73 82 
73 82 
73 82 
73 82 
82 83 
82 83 
83 
83 














81 88 
82 87 88 
82 87 89 
82 87 89 
82 87 89 
82 87 89 
82 88 
82 88 
82 
82 






















79 
79 
79 
79 
79 
79 
79 
79 
79 
79 




80 
80 
80 
80 
80 
80 
80 
90 
90 
90 
90 
90 
90 

85 
85 
85 
85 
85 
85 
85 
85 
85 
85 
85 
85 
85 

86 
86 
86 
86 
86 
86 
86 
86 
86 
86 
86 
85 
85 
85 
85 
85 
85 
85 
85 
85 
85 
85 
85 

92 
92 
92 
92 
92 
48 92 
48 62 84 
48 62 84 
48 62 84 92 
48 64 80 92 94 
48 64 80 84 90 
48 64 80 84 90 
64 80 84 90 
64 84 
















88 
88 
88 
87 88 
87 88 
86 87 88 
61 66 86 87 88 
61 64 66 86 87 88 
61 64 66 85 86 87 
61 64 66 85 86 87 
61 64 66 85 86 87 
61 64 66 85 86 
84 86 
84 86 
84 86 
84 86 
84 86 
84 86 
84 86 
84 
84 
82 84 
82 84 
82 




69 
91 
91 
91 
91 
91 
91 
91 
91 
88 91 
88 
88 
88 
88 
88 
88 
88 
88 
88 
88 
86 88 
86 
84 86 
84 86 
84 86 
84 86 
84 86 
80 84 86 
80 84 86 
80 84 
80 84 
80 84 
80 
80 
80 

61 
61 
61 
61 
61 
61 
61 
61 83 
61 83 
61 83 
61 83 
61 83 
61 
66 
56 62 
61 
61 
61 
61 




81 
81 
81 
81 
81 
81 
81 
81 
81 
81 
81 
81 
52 62 78 81 
52 62 73 78 81 
52 62 73 78 81 
52 62 73 78 81 
52 62 73 78 81 
52 62 73 81 83 
83 
83 
83 















79 87 
79 87 
79 87 
79 87 
79 87 
79 87 
79 87 
87 









62 78 84 87 90 
62 78 84 87 90 
62 78 84 87 90 
62 78 84 87 90 
62 68 72 78 84 87 90 
62 68 72 78 84 89 
62 78 82 88 94 
82 88 93 





71 
71 75 87 
61 75 81 87 
63 75 81 87 
63 75 81 87 
63 75 81 87 
63 75 81 84 87 
63 84 87 
74 87 
74 


































46 62 70 73 
46 61 63 70 72 75 
46 61 65 70 72 77 
46 61 72 75 
47 62 71 74 
45 62 71 74 
44 71 74 




































62 70 
62 70 
62 70 
62 70 
62 70 
62 70 
62 70 
56 62 70 
56 62 70 
56 60 72 
56 60 72 
56 60 72 
72 
72 
72 
72 78 
72 78 
72 78 
72 78 
72 
82 
82 
82 
82 
82 




















75 
75 
75 
75 
75 
75 
75 












79 
79 
79 
79 
79 
79 
79 
79 
79 




42 
42 58 
42 58 
42 58 
42 58 
42 58 
42 58 
42 58 
42 58 
42 58 
42 58 
42 58 
58 




























57 63 67 82 87 
57 63 68 72 87 
57 63 68 72 87 
57 63 68 72 87 
53 63 68 72 77 83 
53 62 68 73 77 77 82 
58 63 73 77 82 
73 82 






















66 71 73 78 
66 71 73 78 
66 71 73 78 
66 68 71 73 77 
66 68 71 73 77 
66 71 73 77 





















70 
70 
70 
70 
70 
70 

















77 
55 77 
52 77 
53 77 
53 77 
53 77 
53 77 
53 









62 
62 
62 
62 
62 
62 
62 
62 






68 
59 68 
59 68 
59 68 
59 68 
59 68 
59 68 
68 
68 

















64 
64 
64 
64 
64 
64 




61 
61 
61 
61 
61 
61 
61 





62 
62 
62 
62 
62 
62 
62 








58 
58 
58 
58 
58 
58 





















67 
67 
67 
67 
67 
67 


70 
70 
70 
70 
70 
70 
70 
53 75 
53 75 
53 75 
53 75 
53 75 
53 75 
75 
75 



















66 72 78 
66 72 78 
66 72 78 
66 72 78 
66 72 78 
66 72 78 
66 72 78 
72 














































62 67 71 
62 67 71 
52 62 67 71 
52 62 67 71 
52 62 67 71 
52 62 67 71 
52 71 
52 71 













































73 
62 66 69 73 
62 66 69 73 
62 66 69 73 
62 66 69 73 
62 66 69 73 
62 66 69 73 
62 69 






















59 68 
52 58 61 65 68 
58 63 65 68 
58 65 68 
58 65 68 
58 68 
65 68 
47 59 65 68 
47 59 65 68 
47 59 68 
47 48 68 
47 68 
47 
47 
47 
47 
47 
47 
47 




61 
61 
61 
61 
61 
61 



47 
47 
47 
47 
47 
47 
47 
47 
















82 86 90 
79 82 86 90 
79 82 86 90 
79 82 86 90 
79 82 86 90 
79 82 86 90 
79 82 86 90 
79 82 86 90 
79 82 86 90 
79 86 90 













71 78 83 
71 78 83 
71 78 83 
71 78 83 
71 78 83 
71 78 83 
71 





61 71 
61 67 71 
61 67 71 
61 67 71 
67 
67 



























78 
66 73 78 
66 73 78 
66 73 78 
66 73 78 
66 73 78 
66 73 78 
66 78 




49 59 
49 59 
49 59 
49 59 65 
59 65 
65 



















































63 
63 
63 
63 
63 
63 
























62 73 
58 62 63 67 
58 62 63 67 
58 62 63 67 
58 62 63 67 
58 62 63 67 
58 62 63 67 
58 63 67 














78 
78 
78 
78 
78 

























73 
73 
73 
73 
73 
73 






68 
68 
68 
68 
68 
68 

































50 
50 
50 
50 
50 
50 
50 60 71 
60 71 
50 61 66 71 73 77 
50 61 66 69 71 73 77 
50 61 66 69 71 77 
61 65 67 71 77 
61 67 77 











73 80 
71 73 78 80 
71 73 78 80 
71 73 78 80 
71 73 75 78 80 
71 75 80 83 
71 75 78 80 83 
71 75 78 80 83 
71 75 78 80 83 
71 75 78 80 83 
71 75 78 80 83 
75 75 83 
75 75 
75 
75 



77 
77 
77 
77 
77 
77 
77 
77 
77 
77 
77 
77 
61 64 67 70 77 
61 64 67 70 76 
64 67 76 
64 76 
64 76 
78 

78 
78 
63 71 
63 71 
63 71 
63 71 
71 














59 73 
59 73 
59 73 
59 73 
59 73 
59 73 
59 73 
59 73 
59 65 
55 59 65 
55 59 65 
55 59 65 
55 59 65 
55 59 65 
55 59 
55 59 
55 59 
55 59 
55 59 
55 
55 
55 
55 59 
55 59 
55 
55 
59 
59 
59 64 
59 64 
59 64 
59 64 
64 




80 
80 
80 
80 
80 
80 
80 
80 
80 
80 

84 
84 
84 
84 
84 
84 
84 
84 
65 78 
64 75 87 
64 75 87 
64 75 87 
64 75 87 
64 87 
87 




75 82 
75 82 
75 82 
75 82 
75 82 
75 82 
75 82 
75 82 
75 82 
75 



70 
70 
70 
70 
70 
70 
70 





73 
73 
73 
73 
73 
73 
73 


70 
70 
70 
70 
70 
70 
70 
70 














74 
74 
58 74 
58 64 70 73 79 
58 64 67 70 73 79 
58 64 67 70 73 79 
58 64 67 70 73 79 
58 64 67 70 73 79 
58 64 67 70 73 79 
58 64 67 70 73 79 
58 64 67 70 79 
58 64 70 
64 














































41 
41 
41 
41 
41 
41 
41 
41 














75 
75 
75 
75 
75 
75 
75 
75 
75 



71 
71 
71 
71 
71 
71 
71 









52 61 67 
52 61 67 
52 61 67 
52 61 67 
52 61 67 
61 

















62 68 71 76 
62 68 71 76 
62 68 71 76 
62 68 71 76 
62 68 71 76 
62 68 71 76 
71 76 
76 
76 



84 
84 
84 
84 
84 
84 
84 
84 
84 
84 
84 

61 
51 63 
51 63 
51 63 
51 63 
51 63 
51 63 








81 
81 
81 
81 
81 82 85 87 
85 81 83 
85 87 
85 87 
85 87 
85 87 
84 87 
84 87 
84 87 
84 87 
84 87 


81 
81 
81 
81 
81 
81 
