




























































































































































































75 85 
75 78 85 
71 75 78 85 
66 71 75 78 85 
61 66 71 75 78 85 
61 85 


























































82 
82 
82 
82 
82 
82 
82 









































































78 
78 
78 
78 
78 
78 
78 









73 
73 
65 73 
65 73 
65 73 

74 
74 
74 
74 
74 
74 



































82 
82 
82 
82 
82 
82 


























80 
80 
80 
80 
80 
80 
80 






















































































78 80 
78 80 
78 
78 
77 78 
77 
77 
77 
77 
76 77 
76 
76 
76 
76 
76 
68 
61 63 64 68 75 
58 61 63 64 75 
58 61 63 64 75 
58 63 64 75 
58 64 75 
58 





























76 
76 
76 
76 
76 
76 
76 
76 





80 
80 
80 
80 
80 
80 


























83 
83 
83 
83 
83 
83 








87 
71 87 
61 66 67 71 87 
61 66 67 71 87 
61 66 67 87 
61 66 67 87 
67 87 
87 

























90 
90 
90 
90 
90 
90 
90 
90 
90 











































86 
86 
86 
86 
86 
86 
86 








71 
60 64 67 71 83 
60 64 67 83 
60 64 67 83 
64 67 83 
64 67 83 
64 83 



























74 
74 
74 
74 
74 
74 
74 








79 
79 
79 
79 
79 
79 
79 
79 
























70 73 
59 63 66 70 73 
59 63 66 70 73 
59 63 66 70 73 
59 63 66 70 73 
73 







































84 
84 
73 84 85 
73 84 85 
73 84 85 
73 84 85 
73 84 85 
73 84 85 
73 85 
73 85 








65 
65 
65 
65 
65 
65 
65 




























84 
84 
84 
84 
84 
84 







42 58 
42 58 73 85 
42 58 73 85 
42 73 85 
42 73 85 
73 85 










































70 
61 63 66 70 
61 63 66 70 
61 63 66 
61 









































77 
51 61 77 82 85 89 
51 61 77 82 85 89 
51 61 77 82 85 89 
51 61 77 82 85 89 
77 82 85 89 
82 89 











































58 
58 
43 58 
43 58 
43 
43 
43 
43 


























75 78 82 87 
75 78 82 87 
75 78 82 87 
75 78 82 87 
75 78 82 87 
75 78 82 87 
78 82 






44 59 
44 59 
44 59 






























73 78 
73 78 82 85 
73 78 82 85 
73 78 82 85 
73 78 82 85 
78 82 85 
82 85 







50 
50 
50 
50 





























73 74 
73 74 77 82 
73 74 77 82 
73 74 77 82 
73 74 77 82 
73 74 77 82 
74 77 82 









49 
49 
49 




























74 
71 74 80 
71 74 80 
71 74 80 
71 74 80 
71 74 80 
71 80 













56 
56 
56 


























76 
70 76 82 
70 76 82 
70 76 82 
70 76 82 
70 76 77 82 
77 
77 
77 






58 
58 
42 58 
42 
42 
42 































40 
40 
40 
40 
40 








56 
56 
56 
56 
56 
56 










































55 
39 55 
39 55 
39 55 
39 55 










































43 
43 58 
43 58 
43 58 
43 
43 





























51 
51 
51 
51 










44 59 
44 59 
44 59 
44 59 
44 59 
44 




























73 78 82 85 
73 78 82 85 
73 78 82 85 
73 78 82 85 
73 78 82 85 
73 78 82 85 
73 78 82 85 
73 78 82 85 
73 78 82 85 
73 78 






50 60 
50 60 
50 60 
50 60 
50 




























80 
80 81 
80 81 
80 81 82 
80 81 82 
80 81 82 
80 81 82 
80 81 82 
80 81 82 
81 82 
81 





49 
49 59 
49 59 
49 59 










































59 65 68 
59 65 68 
59 65 68 
65 68 




























80 
80 
80 
80 
80 
80 
80 
80 
80 
80 
80 
80 

42 
42 
42 
42 58 












82 
82 
82 
82 
82 



























61 65 66 70 
61 65 66 70 
61 65 66 70 

































85 
85 
85 
85 
85 
85 
85 








57 63 
47 57 63 
47 57 63 81 
47 81 
47 81 
81 
81 
81 
82 
82 
82 
82 
82 

































63 66 
57 63 66 
57 63 66 
57 63 66 
57 63 
57 































80 
80 









61 
61 
46 61 82 
46 82 
46 82 
46 82 
82 










































61 67 
61 67 
61 67 
61 67 
61 67 
61 67 
67 


























87 
87 

88 
88 
88 
88 
88 
88 89 
89 
89 
89 
89 



43 90 
43 90 
43 90 
43 90 
43 90 
43 90 
90 







































67 70 
61 67 70 
61 64 67 70 
61 64 67 70 
64 67 
64 
64 
64 


























82 
82 
82 
82 
83 
83 
83 
83 
83 84 
84 
84 
84 
84 
84 
85 
85 
59 85 
44 59 85 
44 85 
44 85 
44 85 
85 








































82 
82 
82 
82 
82 
82 
82 
82 









80 
80 
80 












78 
78 
78 
78 















75 
75 
75 





























71 
71 
71 
71 









74 
74 
74 
74 
74 
74 
74 


























73 
70 73 
70 73 
70 73 
70 73 
70 73 
70 73 









































49 59 
49 59 
49 59 
49 59 
49 59 
49 59 



























































65 75 
59 65 75 
59 65 75 
59 65 75 
59 65 75 
59 65 75 
59 75 
75 









































77 
77 
77 
77 
77 
77 
77 
77 
77 
77 























46 
46 
46 
46 
46 









73 
61 66 73 78 
61 66 73 78 
61 66 73 78 
61 66 73 78 
66 73 78 
66 78 









































66 
61 63 66 70 
61 63 66 70 
61 63 66 70 
61 63 70 











































45 78 81 
45 60 78 81 84 90 
45 60 78 81 84 90 
45 60 78 81 84 90 
45 78 81 84 90 
45 78 81 84 90 
84 90 
84 









































60 69 
60 66 69 
60 66 69 
60 66 69 
60 66 69 
66 69 


























78 83 87 90 
78 83 87 90 
78 83 87 90 
78 83 87 90 
78 83 87 90 
78 83 87 90 
78 







44 59 
44 59 
44 59 
44 
44 











































50 60 
50 60 
50 60 
50 60 
50 
50 



























80 86 92 
80 86 87 92 
80 86 87 92 
80 86 87 92 
80 86 87 92 
80 86 87 92 
80 86 87 92 
80 86 87 92 
86 92 






49 
49 59 
49 59 
49 59 
59 





























50 
50 
50 
50 
50 










65 
59 65 
59 65 
59 65 
59 65 
59 


























77 82 86 89 
77 82 86 89 
77 82 86 89 
77 82 86 89 
77 82 86 89 
77 82 86 89 
77 82 86 89 
77 82 86 89 
77 82 86 
82 86 




51 61 
51 61 
51 61 
51 61 
51 61 
51 





75 81 
75 81 87 
81 87 










82 

























61 70 
61 63 66 70 75 81 
61 63 66 70 75 81 87 
63 66 75 81 87 
63 66 75 81 87 
81 87 




82 
82 
82 
82 





















44 
44 
44 
44 
44 






60 
60 75 
60 75 87 
60 75 81 84 87 
60 75 81 84 87 
60 81 84 
81 84 
84 
84 

























50 
50 
50 
50 
50 








75 
60 75 81 84 87 
60 75 81 84 87 
60 75 81 84 87 
81 84 87 
81 84 


























73 76 85 
73 76 80 85 
73 76 80 85 
73 76 80 85 
76 80 85 
76 80 85 
76 80 
77 
77 
77 
77 
77 


49 
49 58 
49 58 
49 58 
58 













































54 
54 
54 
54 
54 
54 
54 
54 






































54 
54 70 
54 70 
54 70 
54 70 
54 70 
54 70 
70 
70 
70 

























75 
75 
75 
75 
75 
75 
75 
75 







63 
63 69 
63 69 
63 69 
63 69 
63 69 
69 
69 
69 







































46 61 
46 68 
46 68 
46 68 
46 68 
68 










































65 68 70 
61 65 68 70 
61 65 68 70 
61 65 68 70 
61 65 68 





























72 
72 77 80 
72 77 80 
72 77 80 
72 77 80 
72 77 80 
72 73 77 80 
72 73 77 80 
72 73 77 80 
72 73 
73 
73 
73 

61 
61 
61 
61 






























73 79 85 
73 79 85 
73 79 85 
73 79 85 
73 79 85 
73 79 85 
73 79 85 
73 79 85 
79 
79 





51 
51 
51 
51 
51 
51 































82 
82 
82 
82 
82 
82 






73 85 
39 73 85 
39 73 85 
39 73 85 
39 73 78 85 
78 85 
78 85 










































61 66 70 
61 66 70 
61 66 70 
61 66 70 





























75 78 84 87 
75 78 82 84 87 
75 78 82 84 87 
75 78 82 84 87 
75 78 82 84 87 
82 84 
82 84 







60 66 70 
60 66 70 
60 66 70 
60 66 




























84 
72 76 79 84 
72 76 79 84 
72 76 79 84 
72 76 79 84 
72 76 79 
76 79 
79 








45 60 
45 60 
45 
45 




























73 78 82 85 
73 78 82 85 
73 78 82 85 
73 78 82 85 
82 85 









44 59 
44 59 
44 59 
44 











































61 
46 61 87 
46 61 87 
46 61 87 
46 87 
87 
87 
87 
87 
87 
87 
























86 
86 
86 
86 
86 
86 
86 
86 
86 





60 
60 
50 60 85 
50 85 
50 85 
50 85 
50 85 





























84 
84 
84 
84 
84 
84 
84 
84 
84 




59 
49 59 83 
49 59 83 
49 59 83 
49 83 
83 
83 




























81 
81 
81 
81 
81 








82 
37 82 
37 82 
82 
82 
82 
82 



























85 
85 
85 
85 
85 
85 
85 
85 






65 70 
59 65 70 82 
59 65 70 82 
59 65 82 
82 
82 
82 



























77 
77 
77 
77 
77 








73 
62 73 
62 73 
62 73 
62 73 














































70 
70 
70 
70 
70 
70 
70 
70 
70 
70 























71 
71 
71 
71 
71 
71 










73 
68 73 
68 73 
68 73 
68 73 

























42 58 
42 58 
42 58 
42 58 
42 




























































77 
77 
77 
77 
77 
77 

























61 
45 61 67 
45 61 67 71 
45 67 71 
67 71 
67 71 
















































44 
44 
44 
44 
44 
44 





59 
59 66 69 
59 66 69 75 
59 66 69 75 
59 66 69 75 
66 69 75 
69 75 
69 70 
69 70 
70 
70 
70 
70 
































50 
50 66 70 73 
50 66 70 73 
50 66 70 73 
50 66 70 73 
70 73 




























65 68 
65 68 69 
49 59 65 68 69 
49 59 65 68 69 
49 59 65 69 
49 69 
69 
69 70 
70 
70 








































65 
65 
65 
65 
65 
65 
65 







56 68 
56 68 
56 68 
56 68 
56 68 
56 68 
56 68 
56 68 
68 





































42 58 64 
42 58 64 70 
42 58 64 70 
42 58 64 70 
64 65 70 
64 65 70 
64 65 70 
65 








































66 
66 71 
44 66 71 
44 66 71 
44 66 71 
44 71 











































67 
45 64 67 72 
45 64 67 72 
45 64 67 72 
45 64 72 
72 
72 
72 





































68 73 
65 68 73 
46 65 68 73 
46 65 68 73 
46 65 73 
46 65 














































45 
45 
45 
45 
45 
45 
45 

























73 79 85 
73 76 79 85 
73 76 79 85 
73 76 79 85 
73 76 79 85 
73 76 79 85 
73 76 79 85 
73 76 79 85 
73 76 79 85 
76 79 85 
76 





61 
61 
61 
61 
61 
61 


























74 78 
70 74 78 82 
70 74 78 82 
70 74 78 82 
70 74 78 82 
70 74 78 82 
70 74 78 82 
74 75 82 
75 
75 




59 
59 
44 59 
44 59 
44 59 




























74 77 
68 74 77 80 
68 74 77 80 
68 74 77 80 
68 77 80 
80 










43 
43 50 
43 50 
43 50 
43 50 
50 
50 

























70 76 
70 76 82 
70 76 82 
70 76 77 82 
70 76 77 82 
77 82 
77 
77 







58 
42 58 
42 58 
42 
42 













































61 66 70 
61 66 70 
61 66 70 
61 66 70 
66 70 




























85 
85 
85 
85 
85 
85 
85 
85 
85 
85 





62 
52 62 
52 62 
52 62 80 
52 80 
52 80 81 
52 80 81 
81 
81 
81 




82 
82 
82 
82 






























62 68 71 
62 68 71 
62 68 71 
62 68 
68 






























80 
80 
80 
80 







51 61 
51 61 
51 61 82 
51 82 
82 
82 
82 









































50 60 
50 60 
50 60 
50 
50 





























79 82 85 
79 82 85 90 
79 82 85 90 
79 82 85 90 
79 82 85 90 
79 90 
90 







51 61 
51 55 61 
51 55 61 
55 
55 
55 


























76 79 
76 79 82 
76 79 82 
76 79 82 
76 79 82 
76 79 82 
79 82 









58 
58 
43 58 
43 
43 
43 



























75 78 82 85 
75 78 82 85 
75 78 82 85 
75 78 82 85 
75 78 82 85 
75 85 









44 59 
44 59 
44 59 
























92 
92 
92 
92 
92 94 
94 
94 
94 
94 
92 
92 
92 
92 
92 
92 








90 
90 
90 
90 
90 
90 
90 





87 
87 
87 
87 
87 
87 






85 
85 
85 
85 
85 
85 






83 
83 
83 
83 
83 
83 






82 
82 
82 
82 
82 
82 
82 









80 
80 
80 
80 
80 
80 
80 
80 






















51 
51 
51 
51 
51 
51 
51 















76 
76 
76 
76 
76 

75 
75 




74 
74 
74 
74 
74 
74 
74 







49 73 
49 73 
49 73 
49 73 
49 73 
73 


























85 
85 
85 
85 
85 
85 
85 
85 
85 








59 65 68 
59 65 68 
59 65 68 
59 65 68 
65 



























77 82 
77 82 
77 82 
77 82 
77 82 
77 82 
77 82 
77 82 
77 82 






61 73 
61 73 
61 73 
61 73 
61 73 
61 73 





























75 
75 
75 
75 
75 
75 
75 
75 
75 
75 




77 
59 77 
59 77 
59 77 
59 77 
59 77 
59 77 
59 77 
59 77 
77 

























46 
46 
46 
46 










61 73 78 
61 73 78 
61 73 78 
61 73 78 
61 73 78 
61 73 78 
73 78 
78 








































66 70 
61 63 66 70 
61 63 66 70 
61 63 66 70 
61 63 66 70 
63 

































84 
84 
84 







45 
45 60 78 81 84 90 
45 60 78 81 84 90 
45 60 78 81 84 90 
45 60 78 81 84 90 
45 78 81 84 90 
45 78 81 84 90 
81 84 90 








































60 78 81 84 90 
60 66 69 78 81 84 90 
60 66 69 78 81 84 90 
60 66 69 78 81 84 90 
60 66 69 78 81 84 90 
60 66 69 78 81 84 90 
66 81 84 









































44 59 78 
44 59 78 83 87 90 
44 59 78 83 87 90 
44 59 78 83 87 90 
44 59 78 83 87 90 
44 78 83 87 90 
78 90 









































68 
59 63 66 68 
59 63 66 68 
59 63 66 68 
59 63 66 68 
59 63 66 




























80 86 87 92 
80 86 87 92 
80 86 87 92 
80 86 87 92 
80 86 87 92 
80 86 87 92 
80 86 87 92 
80 86 87 92 
80 86 92 
92 




49 59 
49 59 
49 59 
49 59 
49 











































59 
59 
59 
59 
59 
59 
59 
59 
59 






































49 
49 
49 
49 
49 
49 
49 

























76 
76 83 85 88 
76 83 85 88 
76 83 85 88 
76 83 85 88 
76 83 85 88 
76 83 85 88 
76 83 85 88 
76 83 85 88 
76 88 







59 64 68 
59 61 64 68 76 85 
59 61 64 68 76 83 85 88 
59 61 64 68 76 83 85 88 
61 64 76 83 85 88 
64 76 83 85 88 



























76 83 85 88 
76 83 85 88 
76 83 85 88 
76 83 85 88 
76 83 85 88 
76 83 85 88 
76 83 85 88 
76 88 
76 
76 




42 
42 
42 58 76 88 
42 58 76 84 88 
42 76 84 88 
42 76 84 88 
76 84 88 
76 84 
76 84 
84 
84 



































67 76 
64 67 76 84 88 
58 64 67 76 84 88 
58 64 67 76 84 88 
58 64 67 76 84 88 
58 64 67 76 84 88 
58 64 76 84 88 
64 84 88 
84 







































75 81 87 
47 63 75 81 87 
47 63 75 81 87 
47 63 75 81 87 
47 63 75 81 87 
47 63 75 81 82 87 
81 82 







































53 
53 
53 
53 
53 
53 
53 
53 
53 































52 
52 
52 
52 
52 
52 
52 



62 66 73 
62 66 69 73 
62 66 69 73 
62 66 69 73 
62 66 69 73 
62 66 69 73 
66 69 73 
66 69 73 
69 







































61 68 71 
61 68 71 
61 68 71 
61 68 71 
61 68 71 
61 68 71 
68 71 
68 71 




























65 68 69 
58 65 68 69 
58 65 68 69 
42 58 65 68 69 
42 58 65 68 69 
42 58 65 68 69 
42 65 69 70 
69 70 
70 
70 
70 






































73 
73 
73 
73 
73 
73 
73 
73 
73 







70 
70 
70 
70 
70 
70 
70 






































51 61 69 73 
51 61 69 73 
51 61 64 69 73 
51 64 69 73 
64 69 73 
64 69 
64 











































































71 73 
71 
71 
71 
70 71 
70 71 
70 
70 
70 
69 70 
69 
69 
69 
69 
44 59 69 
44 59 69 
44 59 68 
44 59 68 
68 
68 
68 
68 


























71 
71 
71 
71 
71 
71 
71 
71 
71 







68 
68 
68 
68 
68 



























49 71 
49 59 71 
49 59 71 
49 59 71 
71 
71 
71 





































65 67 
65 67 
59 65 67 
59 65 67 
59 67 
59 












































69 
69 
69 
69 
69 
69 
69 
69 
69 






70 
70 
70 
70 
70 



























73 
73 
73 
73 
73 
42 58 73 
42 58 73 
42 58 
42 58 






75 
75 
75 
75 
75 
75 
75 








































61 
51 61 67 
51 61 67 76 
51 61 67 76 
51 67 76 
51 67 76 
67 76 
67 76 
67 76 
67 76 





































75 
51 61 67 75 
51 61 67 75 
51 61 67 75 
51 61 67 75 
67 75 
67 75 
67 









































44 59 
44 59 66 69 
44 59 66 69 
44 59 66 69 
44 59 66 69 
66 69 
69 
69 70 
69 70 
70 
70 
70 
70 
























73 
73 
73 
73 
73 
73 







74 
74 
74 
74 
74 
74 
74 
74 
74 






















65 
65 70 
59 65 70 
59 65 70 
59 65 70 
59 65 70 
59 65 70 
59 70 
59 






































62 67 71 
56 62 67 71 
56 62 67 71 
56 62 67 71 
56 62 67 71 
56 62 67 71 
56 62 67 71 
56 62 67 71 
56 









































49 
49 69 
49 69 
49 69 
49 69 
49 69 
69 
69 
69 
69 
69 
69 




70 
70 
70 
70 
70 
70 
70 

























58 61 65 
42 58 61 65 
42 58 61 65 
42 58 61 65 
42 58 61 65 
42 61 65 
65 











































76 
76 
76 
76 
76 
76 
76 
76 
76 
76 






77 
77 
77 
77 
77 
77 
77 
























51 61 67 71 
51 61 67 71 
51 61 67 71 
51 61 67 71 
51 61 67 71 
51 67 71 
71 









































74 
74 
74 
74 
74 
74 
74 
74 
74 







75 
75 
75 
75 
75 
75 
75 























44 59 66 70 
44 59 66 70 
44 59 66 70 
44 59 66 70 
44 59 66 70 
44 66 70 











































73 
73 
73 
73 
73 
73 
73 
73 
73 






65 69 
65 69 
65 69 
65 69 
69 
69 
69 

70 
70 
70 
70 
70 
70 


















49 
49 
49 
49 











59 68 
59 68 
59 68 
59 68 
59 68 
59 68 
68 
68 









































42 58 68 70 
42 58 68 70 
42 58 68 70 
42 58 68 70 
68 70 







































































78 
78 
78 
78 
78 
78 
78 
78 
78 
78 

82 
82 
82 
82 
82 
82 
82 
82 



44 59 
44 59 78 
44 59 78 
44 59 78 
44 78 
78 
78 
78 







75 
75 
75 







71 
71 
71 
71 
71 
71 







75 
75 
75 
75 
75 
75 
75 



71 
71 
71 
71 
71 
71 
71 




68 
68 
68 
68 








69 
69 
69 
69 
69 







70 
70 
70 
70 
70 





51 61 71 
51 61 71 
51 61 71 
51 61 71 
71 
71 

72 
72 
72 
72 
72 
72 
72 73 
72 73 
73 
73 
73 
































59 
59 
49 59 
49 59 
49 59 
49 59 
49 




























72 
72 
72 
72 
72 
71 
71 
71 
71 
71 








56 70 
56 70 
56 70 
56 70 
56 70 
56 70 
56 







































59 65 
59 65 
59 65 
59 65 
59 65 
59 65 







































42 58 
42 58 
42 58 
42 58 
42 58 





























68 
68 
68 
68 
68 
68 
68 
68 
68 
68 





49 73 
49 73 
49 73 
49 73 
49 73 
49 73 
73 




























77 
77 
77 
77 
77 
77 
77 






49 59 80 
49 59 80 
49 59 80 
49 59 80 
49 59 80 
49 80 
80 
80 


























82 
82 
82 
82 









59 65 86 
59 65 86 
59 65 86 
59 65 86 
59 65 86 
65 86 
65 86 
86 
86 
























88 
88 
88 
88 
88 
88 
88 
88 
88 
88 




42 58 89 
42 58 89 
42 58 89 
42 58 89 
42 58 89 
42 58 89 
89 
89 

























87 
87 
87 
87 
87 
87 
87 
87 






61 
61 66 70 85 
61 66 70 85 
61 66 70 85 
61 66 70 85 
66 70 85 
66 70 85 


























82 
82 
82 
82 
82 
82 








79 
43 58 79 
43 58 79 
43 58 79 
43 58 79 
43 79 
43 79 





























82 
82 
82 










70 85 
61 64 67 70 85 
61 64 67 70 85 
61 64 67 70 85 
61 64 67 70 85 
64 67 85 
64 67 85 
64 
64 


























76 88 
76 88 
76 88 
76 88 
76 88 
76 88 
76 88 
76 88 
76 88 
76 88 




44 59 87 
44 59 75 87 
44 59 75 87 
44 59 75 87 
44 75 87 
44 75 87 































85 
85 
85 
85 
85 






75 
59 63 66 68 75 87 
59 63 66 68 75 87 
59 63 66 68 75 87 
59 63 66 68 75 87 
59 63 66 68 75 87 
63 66 75 87 
87 
87 







































51 75 
51 61 75 80 83 
51 61 75 80 83 
51 61 75 80 83 
61 75 80 83 
75 80 83 
80 83 










































50 60 
50 60 
50 60 
50 60 
50 60 
50 60 
50 60 











































49 
49 59 
49 59 
49 59 
49 59 
59 








































68 
59 62 65 68 
59 62 65 68 
59 62 65 68 
59 62 65 68 
59 62 65 
59 62 65 
62 




























94 
94 
94 
94 
94 
94 
94 
94 
94 
94 



65 
50 65 85 97 
50 65 85 97 
50 65 85 97 
50 65 85 97 
50 65 85 97 
50 85 97 
50 85 97 
97 
97 
























95 
95 
95 
95 
95 
95 
95 
95 
95 
95 




68 94 
59 62 65 68 94 
59 62 65 68 94 
59 62 65 68 94 
59 62 65 68 94 
59 62 65 94 
62 65 94 
94 


























92 
92 
92 
92 
92 
92 
92 
92 
92 
92 



61 
46 61 90 
46 61 90 
46 61 90 
46 61 90 
46 90 
46 90 
90 








































70 
61 63 66 70 
61 63 66 70 
61 63 66 70 
61 63 66 70 
61 63 66 70 
66 






























88 
88 
88 
88 
88 
88 
88 
88 
88 


45 
45 60 78 90 
45 60 78 84 90 
45 60 78 84 90 
45 60 78 84 90 
45 60 78 84 90 
45 60 78 84 90 
78 84 90 
78 84 90 
84 







































60 66 69 
60 66 69 
60 66 69 
60 66 69 
60 66 69 
60 66 69 
60 66 69 





























87 
87 
87 
87 
87 
87 





44 59 
44 59 78 83 90 
44 59 78 83 90 
44 59 78 83 90 
44 78 83 90 
44 78 83 90 
78 83 90 
78 83 90 
78 90 

























90 
78 83 90 
78 83 90 
78 83 90 
78 83 90 
78 83 90 
78 83 90 
78 83 






68 
59 63 66 68 
59 63 66 68 
59 63 66 68 
59 63 66 68 
59 63 66 68 
63 66 




























78 83 87 90 
78 83 87 90 
78 83 87 90 
78 83 87 90 
78 83 87 90 
78 83 87 90 
78 83 87 90 
78 83 87 90 
78 83 





49 59 
49 59 
49 59 
49 59 
49 59 





























83 
83 84 90 
83 84 90 
83 84 90 
83 84 90 
83 84 90 
83 84 90 
83 84 90 
83 84 90 
83 84 90 
84 





56 81 
56 81 
56 81 
56 81 
56 81 
56 81 
56 81 
81 
81 























78 
78 
78 
78 
78 
78 
78 
78 
78 






51 61 
51 61 
51 61 
51 61 
51 61 
51 


























80 92 
80 92 
80 92 
80 92 
80 92 
80 92 
80 92 
80 92 
80 92 
80 92 
80 



61 66 
61 66 
61 66 
61 66 
61 66 
61 66 
66 



























89 
89 
89 
89 
89 
89 
89 
89 
89 
89 



44 
44 60 90 
44 60 78 84 90 
44 60 78 84 90 
44 60 78 84 90 
44 78 84 90 
78 84 90 
78 84 90 
78 84 90 
84 




































66 68 76 84 88 
60 66 68 76 84 88 
60 66 68 76 84 88 
60 66 68 76 84 88 
60 66 68 76 84 88 
60 66 76 84 88 
60 76 84 88 
76 84 88 



































77 
77 80 
77 80 
77 80 84 
80 84 
49 80 84 
49 80 84 
49 84 89 
49 84 89 
49 84 89 
49 84 89 
89 
89 
89 





































58 
58 
58 
58 
58 
58 
58 
58 
58 



























48 
48 
48 
48 
48 
48 
48 
48 





70 75 
63 70 75 
63 70 75 
63 70 75 
63 70 75 
70 75 
70 75 
70 75 








































77 
69 72 77 
53 69 72 77 
53 69 72 77 
53 69 72 77 
53 69 72 77 
53 69 72 77 
53 69 72 
69 72 
72 







































70 73 
46 61 70 73 
46 61 70 73 
46 61 70 73 
46 61 70 73 
46 61 70 73 
46 70 73 











































61 65 68 70 
61 65 68 70 
61 65 68 70 
61 65 68 70 
61 65 68 70 
65 68 




























79 
79 
79 
79 
79 
79 
79 
79 
79 
79 
79 



61 
51 61 
51 61 82 
51 61 82 
51 61 82 
51 82 
51 82 
82 
82 
82 





























85 
85 
85 








58 76 88 
58 76 88 
58 76 88 
58 76 88 
58 76 88 
58 76 88 
58 76 88 
58 76 88 
76 88 
76 88 























77 82 85 89 
77 82 85 89 
77 82 85 89 
77 82 85 89 
77 82 85 89 
77 82 85 89 
77 82 85 89 
77 89 








39 
39 
39 
39 
39 
39 


























78 82 
78 82 85 
78 82 85 90 
78 82 85 90 
78 82 85 90 
82 85 90 
82 85 90 
85 90 
85 90 
90 
90 







61 63 66 70 
61 63 66 70 
61 63 66 70 
61 63 66 70 
63 66 70 























74 
74 
74 82 
74 82 86 
74 82 86 
82 86 
82 86 
82 86 
82 86 
82 86 
86 
86 
86 





56 60 66 
56 60 66 
56 60 66 
56 60 66 
56 60 
60 


























75 
75 82 
75 82 87 
75 82 87 
75 82 87 
75 82 87 
75 82 87 
82 87 
82 87 
87 







60 66 68 
60 66 68 
60 66 68 
60 66 68 
60 66 68 
60 66 68 
66 
























77 82 
77 82 85 
77 82 85 89 
77 82 85 89 
77 82 85 89 
77 82 85 89 
82 85 89 
85 89 
85 89 
89 




44 
44 59 
44 59 
44 59 
44 59 
44 59 




























78 
78 82 85 
78 82 85 
78 82 85 90 
78 82 85 90 
78 82 85 90 
78 82 85 90 
82 85 90 
82 85 90 
90 
90 
90 




68 
59 63 66 68 
59 63 66 68 
59 63 66 68 
59 63 66 68 
59 63 66 68 
66 


























80 
80 83 87 
80 83 87 92 
80 83 87 92 
80 83 87 92 
80 83 87 92 
80 83 87 92 
80 83 87 92 
83 87 92 
83 92 
92 



59 
59 
44 59 
44 59 
44 59 
44 
44 



























82 89 94 
82 89 94 
82 89 94 
82 89 94 
82 89 94 
82 89 94 
82 89 94 
82 89 94 
89 94 
94 




50 60 
50 60 
50 57 60 
50 57 60 
50 57 60 
50 57 
50 57 
57 

























83 87 
83 87 90 95 
83 87 90 95 
83 87 90 95 
83 87 90 95 
83 87 90 95 
83 87 90 95 
87 90 95 
90 95 
90 95 




49 59 
49 59 
49 59 
49 59 
49 59 
49 59 











































42 
42 58 
42 58 
42 58 
42 58 
42 58 
42 58 
58 








































41 56 
41 56 
41 56 
41 56 
41 56 
41 56 
41 56 



























97 
97 
97 
97 
97 
97 
97 
97 
97 
97 
97 



57 
57 94 
57 94 
57 94 
57 94 
57 94 
57 94 
57 94 
57 94 





















49 
49 
49 89 
49 89 
49 89 
49 89 
89 
89 
89 
89 
89 






58 
42 58 85 
42 58 85 
42 58 85 
42 58 85 
42 58 
42 





























87 
87 
87 
87 
87 
87 






61 66 70 
61 66 70 90 
61 66 70 90 
61 66 70 90 
61 66 70 90 
61 66 70 90 
66 70 90 
90 
90 
90 























92 
92 
92 
92 
92 
92 
92 
92 
92 





51 61 
51 61 81 93 
51 61 81 93 
51 61 81 90 93 
51 61 81 87 90 93 
51 81 87 90 93 
81 87 90 93 94 
81 87 93 94 
81 87 94 
94 
82 94 
82 94 
82 94 
82 
82 
82 
































61 67 85 
61 67 85 
61 67 85 
61 67 85 
61 67 85 
61 67 85 
67 85 
85 




























87 
87 
87 
87 
87 
87 






44 59 90 
44 59 90 
44 59 90 
44 59 90 
44 59 90 
44 59 90 
44 90 
90 
90 








































68 
61 66 68 92 
61 66 68 92 
61 66 68 92 
61 66 68 92 
61 66 68 92 
61 66 68 92 
66 92 
92 
92 


























56 
56 90 
56 90 
56 90 
56 90 
56 90 
56 90 






49 59 78 93 
49 59 78 93 
49 59 78 93 
49 59 78 93 
49 59 78 93 
49 59 78 93 
49 59 78 93 
93 
93 






































68 
59 65 68 78 92 
59 65 68 78 92 
59 65 68 78 92 
59 65 68 78 92 
59 65 78 92 
59 65 78 92 
65 78 92 
78 92 
78 92 
92 





































42 84 90 
42 58 80 84 90 
42 58 80 84 90 
42 58 80 84 90 
42 80 84 90 
42 80 84 90 
80 84 90 
80 84 85 90 
80 84 85 
85 
85 
85 
85 



































61 66 70 87 
61 66 70 87 
61 66 70 87 
61 66 70 87 
61 66 70 87 
61 66 70 87 
87 




























78 84 90 
78 84 90 
78 84 90 
78 84 90 
78 84 90 
78 84 85 90 
78 84 85 90 
78 84 85 90 
84 85 90 
84 85 
85 
85 
61 
61 
61 
61 
61 
61 
61 





























43 
43 
43 
43 
43 
43 
43 
43 







58 
58 
58 
58 
58 
58 
58 







































44 59 
44 59 
44 59 
44 59 
44 59 
44 59 
59 


















87 
87 
87 
87 
87 
87 
87 
87 
87 
87 
87 


85 
85 
85 
85 
85 
85 
85 
85 



51 83 
51 83 
51 83 
51 83 
51 83 
51 83 
51 83 






80 
80 
80 
80 
80 
80 
80 
80 

78 
78 
78 
78 
78 
78 







75 
75 
75 
75 
75 





49 
49 74 
49 74 
49 74 
49 74 
49 74 
49 74 
74 






73 
73 
73 
73 
73 










72 







76 
76 
76 
76 
76 
76 
76 
76 
76 
76 


65 
59 65 74 
59 65 74 
59 65 74 
59 65 74 
59 65 74 
65 74 
74 
74 





69 
69 
69 
69 
69 
69 
69 




65 
65 
65 
65 









67 
67 
67 
67 
67 
67 
67 

68 
42 58 68 
42 58 68 
42 58 68 
42 58 68 
42 58 68 
42 58 68 














































61 66 
61 66 
61 66 
61 66 
61 66 
61 66 
66 









69 
69 
69 
69 
69 
69 
69 

70 
70 
70 
70 
70 
70 73 
70 73 
73 
73 
73 


77 
77 
77 
77 
77 
77 


49 
49 59 
49 59 
49 59 80 
49 59 80 
49 59 80 
59 80 
80 
80 
80 
80 
80 
80 
80 




77 
77 
77 
77 
77 
77 
77 
77 
77 














80 
80 
80 
80 
80 
80 
80 
80 
80 
80 

77 
56 77 
56 77 
56 77 
56 77 
56 77 
56 77 
56 77 
56 77 






































42 
42 58 
42 58 
42 58 
42 58 
42 58 
42 58 
58 










65 
65 
65 
65 
65 
65 



66 
66 
66 
66 







70 
70 
70 
70 
70 
70 
70 
61 
61 
61 73 
61 73 
61 73 
61 73 
61 73 
73 
73 
73 
73 
73 




70 
70 
70 
70 
70 
70 
70 
70 














73 
73 
73 
73 
73 
73 
73 
73 



43 58 70 
43 58 70 
43 58 70 
43 58 70 
43 58 70 
43 58 70 
43 70 
70 








































64 67 
50 64 67 
50 64 67 
50 64 67 
50 64 67 
50 64 67 
50 64 67 
50 64 67 
64 67 
























63 66 
63 66 
63 66 
63 66 
63 66 
63 66 
63 66 
66 







59 
44 59 
44 59 
44 59 
44 59 
44 59 
44 

























66 70 73 
66 70 73 
66 70 73 
66 70 73 
66 70 73 
66 70 73 
66 70 73 
66 70 73 
66 70 










































78 85 
66 78 85 
66 78 85 
66 78 85 
66 78 85 
66 78 85 
66 78 85 
66 78 85 
78 85 
78 85 
78 





63 
63 75 
63 75 82 
63 75 82 
63 75 82 
63 75 82 
63 75 82 
75 82 
82 






































59 
59 78 
59 78 
59 78 
59 78 
59 78 
59 78 
78 
78 






































59 74 
49 59 65 70 74 
49 59 65 70 74 
49 59 65 70 74 
49 59 65 70 74 
49 65 70 74 
65 70 74 
70 74 



























77 
77 
77 
77 
77 
77 
77 








74 
74 
74 
74 
74 
74 
74 
74 

























59 65 70 
59 65 70 
59 65 70 
59 65 70 
59 65 70 
59 65 70 
59 65 70 
59 65 70 
65 70 
70 






































77 89 
77 89 
77 89 
77 89 
77 89 
77 89 
77 89 
77 89 
77 89 
77 89 
77 



50 59 
50 59 
50 59 
50 59 
50 59 
50 59 
50 59 
50 
























81 85 90 
78 81 85 90 
78 81 85 90 
78 81 85 90 
78 81 85 90 
78 81 85 90 
78 81 82 85 90 
78 81 82 90 
81 82 
82 
82 
82 
82 



61 
46 61 
46 61 
46 61 
46 

































87 
87 
87 
87 
87 






70 
61 63 66 70 78 82 90 
61 63 66 70 78 82 90 
61 63 66 70 78 82 90 
61 63 66 70 78 82 90 
61 63 66 70 78 82 90 
61 66 78 82 90 
78 82 90 
78 82 90 







































45 60 
45 60 78 81 84 90 
45 60 78 81 84 90 
45 60 78 81 84 90 
45 60 78 81 84 90 
45 60 78 81 84 90 
45 78 81 84 
81 84 

























81 88 93 
81 86 88 93 
81 86 88 93 
81 86 88 93 
81 86 88 93 
81 86 88 93 
81 86 88 93 
81 86 88 93 
81 86 88 93 
81 86 93 




60 69 86 
60 66 69 86 92 
60 66 69 80 86 92 
60 66 69 80 86 92 
60 66 69 80 86 92 
60 66 69 80 86 92 
60 66 69 80 86 92 
80 86 92 

























78 83 87 
78 83 87 90 
78 83 87 90 
78 83 87 90 
78 83 87 90 
78 83 87 90 
78 83 90 
90 






44 59 
44 59 
44 59 
44 59 
44 
44 











































50 60 
50 60 
50 60 
50 60 
50 60 
50 60 
50 60 
50 60 

























56 94 
56 94 
56 94 
56 94 
56 94 
56 94 
56 94 






49 59 
49 59 87 90 94 99 
49 59 87 90 94 99 
49 59 87 90 94 99 
49 59 87 90 94 99 
49 59 87 90 94 99 
49 59 87 90 94 99 
59 87 90 94 99 
87 90 94 99 
87 90 99 
99 





















85 90 94 97 
85 90 94 97 
85 90 94 97 
85 90 94 97 
85 90 94 97 
85 90 94 97 
85 90 94 97 
85 90 94 97 
90 





59 65 68 
59 65 68 
59 65 68 81 93 
59 65 68 81 93 
59 65 68 81 93 
59 65 68 80 81 93 
65 68 80 81 93 
80 81 92 93 
80 81 92 93 
80 81 92 93 
80 81 92 93 
92 
92 





















78 90 
78 90 
78 90 
78 90 
78 90 
78 90 
78 90 
78 90 






78 90 
42 78 90 
42 78 90 
42 78 90 
42 78 90 
42 78 90 
42 78 90 
42 78 90 
42 78 90 





78 
78 
78 
78 
78 



90 
90 
90 



78 
78 
78 
78 
78 

90 
90 
90 
90 
90 
90 

78 
78 
78 
78 
78 
78 90 
90 
90 
90 
61 64 66 71 90 
61 64 66 71 90 
61 64 66 71 78 
61 64 66 71 78 
61 64 66 71 78 
64 66 71 78 
64 71 78 
64 

90 
90 
90 
90 
90 




78 
78 
78 
78 
78 

90 
90 
90 
90 
90 
90 
78 
78 
78 
78 
78 
78 

90 
90 
90 
90 
90 
78 90 
78 90 
78 
78 
49 78 
49 
49 
49 
49 
49 
49 









































58 64 69 76 88 
58 64 69 76 81 84 88 
58 64 69 76 81 84 88 
58 64 69 76 81 84 88 
58 64 69 76 81 84 88 
58 64 69 76 81 84 88 
58 64 69 76 81 84 88 
64 69 76 81 84 88 
76 81 84 88 
76 81 84 88 
76 81 























74 80 82 
74 80 82 87 
74 80 82 87 
74 80 82 87 
74 75 80 82 87 
74 75 80 82 87 
74 75 80 82 
74 75 82 
75 
75 
75 



47 63 
47 63 
47 63 
47 63 
47 




























74 
74 82 87 
74 80 82 87 
74 75 80 82 87 
74 75 80 82 87 
74 75 80 82 87 
74 75 80 82 87 
74 75 80 82 
74 75 80 
75 
75 
75 




59 68 
59 63 66 68 
59 63 66 68 
59 63 66 68 
59 63 66 68 
59 63 66 68 
63 66 
























85 
85 
85 
85 
85 
85 










62 86 
47 62 86 
47 62 86 
47 62 86 
47 62 86 
47 62 86 
47 62 86 
47 86 
86 
86 




85 
85 
85 
85 
85 
85 
85 




81 
81 
81 
81 
81 
81 
81 





78 
78 
78 
78 
78 
78 
78 




52 76 
52 76 
52 76 
52 76 
52 76 
52 76 
52 76 
52 76 
76 



74 
74 
74 
74 
74 
74 
74 
74 



73 
73 
73 
73 
73 
73 
73 





71 
71 
71 
71 
71 
71 
71 





70 
46 61 70 
46 61 70 
46 61 70 
46 61 70 
46 70 
70 
70 










































53 
53 
53 
53 
53 
53 
53 






















70 
70 
70 
70 



71 
71 
71 
71 
71 

72 
72 
72 
72 
72 
51 72 
51 61 
51 61 
51 61 73 
61 73 
73 
73 
73 
73 
73 








































58 
58 
58 
58 
58 
58 
58 


























71 
71 
71 
71 
70 71 
70 71 
70 
70 
70 


69 
69 
69 
69 
44 69 
44 59 69 
44 59 69 
44 59 68 
44 59 68 
68 
68 
68 
68 
68 










































78 
78 
78 
78 
78 
78 
78 
78 
78 
78 
78 





















49 
49 
49 
49 
49 
49 
49 








59 
59 
59 
59 
59 


























77 
68 71 74 77 
56 68 71 74 77 
56 68 71 74 77 
56 68 71 74 77 
56 68 71 74 77 
56 68 71 74 77 
56 71 74 
56 






































61 
60 61 66 72 78 
60 61 66 72 78 
60 61 66 72 78 
60 61 66 72 73 78 
60 61 66 72 73 78 
60 61 66 72 73 78 
60 66 72 73 78 
60 66 72 73 78 
60 72 
72 





































49 
49 
49 
49 
49 
49 











































60 
60 
60 
60 
60 
60 
60 
60 








61 
61 
61 
61 
61 
61 


























49 
49 
49 
49 
49 











































60 81 84 
60 81 84 
60 81 84 
60 81 84 
60 81 84 
60 81 84 
60 81 84 
60 81 84 
60 81 84 
81 84 




61 
61 82 85 
61 82 85 
61 82 85 
61 82 85 
61 82 85 
61 82 85 
82 85 


























87 
83 87 
83 87 
83 87 
83 87 
83 87 
83 87 
83 87 
83 87 
83 
83 





81 
81 84 
81 84 
81 84 
81 84 
81 84 
81 84 
84 

























56 
56 
56 
56 
56 
56 









49 82 85 
49 82 85 
49 82 85 
49 82 85 
49 82 85 
49 82 85 
82 85 
82 85 
























71 
71 
71 
71 
71 
71 
71 
71 







69 74 
65 69 74 
65 69 74 
59 65 69 74 
59 65 69 74 
59 65 69 74 
59 65 69 74 









77 
77 
77 
77 
77 
77 











82 
82 
82 
82 
82 
82 
82 
82 








42 58 73 
42 58 73 
42 58 73 
58 73 
58 73 








































70 
61 66 70 85 
61 66 70 85 
61 66 70 85 
61 66 70 85 
61 66 70 85 
61 66 70 85 
66 85 
85 
85 







































77 84 
45 61 77 81 84 89 
45 61 77 81 84 89 
45 77 81 84 89 
45 77 81 84 89 
77 81 84 89 
81 84 89 
81 89 









































71 
61 67 71 
61 67 71 
61 67 71 
61 67 71 
67 
67 


























75 78 87 
75 78 82 87 
75 78 82 87 
75 78 82 87 
75 78 82 87 
75 78 82 87 
75 78 82 87 
82 87 
82 






44 59 
44 59 
44 59 
44 59 






























73 78 
73 78 82 
73 78 82 
73 78 82 85 
82 85 
82 85 
85 
85 
85 








60 
50 60 
50 60 
50 
50 
50 

























74 
70 74 77 
70 74 77 82 
70 74 77 82 
70 74 77 82 
70 74 77 82 
70 77 82 
82 
82 







49 59 
49 59 
49 59 




























68 
68 74 77 
68 74 77 80 
68 74 77 80 
68 74 77 80 
74 77 80 
74 77 80 
80 








43 59 
43 59 
43 59 
43 59 
43 





























69 73 
69 73 
69 73 77 
69 73 77 
69 70 77 
69 70 82 
69 70 82 
69 70 82 
70 
70 
70 


58 
42 58 
42 58 
42 58 
42 58 
42 










































40 56 
40 56 
40 56 
40 56 
40 56 
40 
40 










































39 55 
39 55 
39 55 
39 55 
39 55 
39 55 
55 








































45 60 
45 60 
45 60 
45 60 
45 60 
45 60 
45 




























78 
78 
78 
78 
78 
78 
78 
78 



44 
44 59 
44 59 81 90 
44 59 81 90 
44 59 81 90 
44 81 90 
81 90 
81 90 
81 90 
81 
81 




82 
82 
82 
82 


















78 
78 
78 
78 
78 
78 





50 
50 87 
50 87 
50 87 
50 87 
50 87 
50 87 
87 
87 
87 























86 
86 
86 
86 
86 
86 
86 
86 
86 
86 




49 59 
49 59 
49 59 87 
49 87 
87 
87 
87 
87 
87 

























85 
85 
85 
85 
85 
85 
85 
85 
85 
85 








56 81 
56 81 
56 81 
56 81 
56 81 
81 





























78 
78 
78 
78 
78 
78 






42 58 
42 58 80 
42 58 80 
42 58 80 
42 80 
80 
80 
80 
80 



























75 
75 
75 








61 70 
61 66 70 78 
61 66 70 78 
61 66 70 78 
61 66 70 78 
61 66 70 78 
66 78 
78 
78 
78 

























80 
80 
80 
80 
80 
80 
80 
80 
80 


80 
80 
57 63 80 
47 57 63 80 
47 57 63 80 
47 57 63 
47 57 63 
47 57 
81 
81 
81 
81 
81 
81 


























78 
78 
78 
78 








57 63 66 
57 63 66 
57 63 66 80 
57 63 66 80 
57 63 66 80 
57 63 80 
57 80 
80 
80 
80 
80 



























75 
75 
75 







46 61 
46 61 
46 61 78 
46 78 
46 78 
78 
78 









































61 67 
61 67 
61 67 
61 67 
61 67 
61 67 
67 
67 

























78 81 84 90 
78 81 84 90 
78 81 84 90 
78 81 84 90 
78 81 84 90 
78 81 84 90 
78 81 84 90 
78 81 84 90 
78 81 84 90 
81 84 90 



61 
61 
61 
61 
61 
61 




























43 
43 
43 
43 
43 
43 
43 
43 







58 
58 
58 
58 
58 
58 



























76 79 82 
76 79 82 
76 79 82 
76 79 82 
76 79 82 
76 79 82 
76 79 82 
76 79 82 
76 79 
76 79 




44 
44 59 
44 59 78 
44 59 78 85 
44 59 78 85 
44 59 75 78 85 
44 75 78 85 
75 78 85 
85 

























78 85 
75 78 85 
75 78 85 
75 78 85 
75 78 85 
75 78 85 
75 78 85 
75 78 






63 66 68 
63 66 68 
63 66 68 
63 66 68 
63 66 68 
63 66 68 
63 66 























71 75 78 
71 75 78 
71 75 78 
71 75 78 
71 75 78 
71 75 78 
71 75 78 
71 75 78 








51 
51 
51 
51 
51 
51 


52 
52 
52 
52 
52 
52 
52 

55 
55 
55 
55 
55 
55 
55 58 
55 58 
58 
58 
58 
58 
58 



59 
59 
59 
59 
59 
59 
59 



63 
63 
63 
63 
63 
63 
63 
63 





67 71 
67 71 
67 71 
67 68 71 
67 68 71 
67 68 76 
67 68 76 
67 76 
67 76 
76 
76 
76 79 
76 79 
79 
79 
79 81 
79 81 
79 81 
81 
81 
81 
81 83 
81 83 
83 
83 
83 
83 
83 
83 
88 
88 
88 
88 
88 
88 91 
88 91 
91 
91 
91 
91 
91 
91 
91 
95 
95 
95 
95 
95 
95 
95 
95 
95 
95 
95 


















44 
44 
44 
44 
44 
44 
44 
44 
44 







































66 73 
66 73 
66 73 
66 73 
66 73 
66 73 
66 73 
66 73 
66 73 
66 73 
66 
59 
59 


63 
63 
63 
63 
63 
63 




























64 
64 
64 
64 
64 
64 
64 
64 
64 





56 65 
56 65 
56 65 
56 65 
56 65 
56 65 
56 65 
56 65 
56 





























46 
46 
46 
46 
46 
46 
46 





61 
61 66 73 78 
61 66 73 78 
61 66 73 78 
61 66 73 78 
61 66 73 78 
66 73 78 
66 73 78 
66 73 78 
66 78 







































78 
46 78 85 90 
46 78 85 90 
46 78 85 90 
46 78 85 90 
46 78 85 90 
46 78 85 90 
46 78 85 90 
46 78 85 90 
46 78 85 90 
85 90 






















45 
45 
45 87 
45 87 
45 87 
45 87 
45 87 
87 
87 







60 78 84 90 
60 78 84 90 
60 78 84 90 
60 78 84 90 
60 78 84 90 
60 78 84 90 
60 78 84 90 
84 90 
84 







































60 66 69 
60 66 69 
60 66 69 
60 66 69 
60 66 69 
60 66 69 
60 66 69 
69 



























87 
87 
87 
87 
87 
87 







59 78 
59 78 83 90 
44 59 78 83 90 
44 59 78 83 90 
44 59 78 83 90 
44 59 78 83 90 
78 83 90 
78 83 90 
78 83 90 
90 






































50 60 79 84 86 91 
50 60 79 84 86 91 
50 60 79 84 86 91 
50 60 79 84 86 91 
50 60 79 84 86 91 
50 60 79 84 86 91 
50 60 79 84 86 91 
50 79 84 86 91 
79 84 86 91 























80 86 92 
80 86 92 
80 86 92 
80 86 92 
80 86 92 
80 86 92 
80 86 92 
86 92 







59 
59 
49 59 
49 59 
49 59 
49 59 
49 


























77 86 
77 82 86 89 
77 82 86 89 
77 82 86 89 
77 82 86 89 
77 82 86 89 
77 82 86 89 
77 82 86 89 
82 89 







50 65 
50 65 
50 59 65 
50 59 65 
50 59 65 
50 59 
59 
59 


























75 78 82 87 
75 78 82 87 
75 78 82 87 
75 78 82 87 
75 78 82 87 
75 78 82 87 









51 61 
51 61 
51 61 
51 61 
51 61 
51 



























45 
45 
45 
45 
45 
45 
45 









61 
61 
61 
61 
61 
61 
61 

























78 81 
75 78 81 84 87 
75 78 81 84 87 
75 78 81 84 87 
75 78 81 84 87 
75 78 81 84 87 
81 84 87 
84 
84 






44 
44 60 
44 60 
44 60 
44 60 





























50 
50 
50 
50 
50 
50 
50 
50 








60 
60 
60 
60 
60 
60 
60 
60 






















76 
73 76 80 85 
73 76 80 85 
73 76 80 85 
73 76 77 80 85 
73 76 77 80 85 
73 76 77 80 85 
76 77 80 85 
76 77 
77 
77 
77 
77 


49 56 
49 56 
49 56 
49 56 
49 56 
49 56 










































63 
63 
63 
63 
63 
63 
63 
63 
63 
63 






















61 
61 
61 
61 
61 
61 
61 







54 
54 
54 64 70 
54 64 70 
54 64 70 
54 64 70 
54 64 70 
64 70 
64 70 
64 70 







































69 72 
53 63 69 72 
53 63 69 72 
53 63 69 72 
53 63 69 72 
53 63 69 72 
63 69 72 









































46 61 70 
46 61 65 70 73 
46 61 65 70 73 
46 61 65 70 73 
46 61 65 70 73 
65 70 73 
65 70 73 
65 73 



















69 
69 
69 
69 
69 
69 
69 
69 















68 
68 
68 
68 
68 
68 

















67 
67 
67 
67 
67 
67 
67 















61 
51 61 
51 61 66 
51 61 66 
51 61 66 
66 













































58 
58 
58 
58 
58 
58 
58 
58 
58 























46 
46 
46 
46 
46 
46 
46 
46 








39 
39 
39 
39 
39 
39 
39 
39 

























64 66 70 72 77 
64 66 70 72 77 
63 64 65 66 70 72 77 
63 64 65 66 70 72 77 
63 64 65 66 70 72 77 
63 64 65 66 70 72 77 
63 64 65 66 70 72 77 
63 64 65 66 70 72 77 
63 64 65 66 70 72 77 
63 64 66 70 72 
63 

























































62 74 
62 66 70 74 
62 66 70 74 
62 66 70 74 
62 70 74 
74 
























75 
63 66 75 
63 66 70 72 75 
63 66 70 72 75 
63 66 70 72 
63 70 72 
63 72 
72 























65 66 70 72 77 
65 66 70 72 77 
65 66 70 72 77 
65 66 70 72 77 
65 66 70 72 77 
65 66 70 72 77 

























57 64 67 71 74 78 
57 64 67 71 74 78 
57 64 67 71 74 78 
57 64 67 71 74 78 
57 64 67 71 74 78 
57 64 67 71 74 78 
67 71 74 78 






















79 
67 71 72 76 79 
67 71 72 76 79 
67 71 72 76 79 
67 71 72 76 79 
67 71 72 76 79 
67 71 72 76 79 
67 71 72 76 79 
67 71 72 76 79 
67 72 76 79 
72 76 
























































67 69 72 76 
64 67 69 72 76 
64 67 69 72 76 
64 67 69 72 76 
64 67 69 72 76 
64 67 69 72 76 
64 69 72 76 
64 







































66 71 74 
62 66 71 74 
62 66 71 74 
62 66 71 74 
62 66 71 74 
62 71 74 
62 71 






























50 
50 
50 
50 
50 
50 






62 71 
62 66 71 
60 62 66 71 
60 62 66 71 
60 62 66 71 
60 66 
60 66 



























74 
74 
62 74 
74 
74 
74 
74 









































49 
49 
49 








63 73 
63 66 73 
63 66 73 
59 63 66 73 
59 63 66 73 
59 73 
59 


























65 
62 65 
56 62 65 
56 62 65 
56 62 
56 














































49 
49 
49 










80 
42 58 80 81 
42 58 80 81 
42 58 80 81 
42 58 80 81 
58 80 81 82 
80 81 82 
81 82 
82 
82 
82 
























85 
85 
85 
85 
85 
85 
85 







82 
82 
82 
82 
82 
82 









































61 81 
61 77 81 84 89 
61 77 81 84 89 
61 77 81 84 89 
77 81 84 89 
84 













































































44 
44 
44 
44 
44 








59 
59 
59 86 
59 86 
59 86 
59 86 
86 
86 
86 87 
86 87 
87 
87 
87 
87 
87 

































































85 
85 
85 
85 
85 
85 
85 
85 
85 






49 59 
49 59 
49 59 81 
81 
81 




82 
82 
82 
82 




































80 
80 
80 
80 
80 
80 
80 
80 








































42 49 58 
42 49 58 80 81 
42 49 58 80 81 
42 49 58 80 81 
80 81 
80 81 
80 81 
80 81 82 
80 82 
82 
82 
82 
82 






















85 
85 
85 
85 
85 
85 
85 








82 
82 
82 
82 
82 
82 



























82 
82 
82 
82 
82 
82 
82 
82 




































































































49 
49 59 
49 59 
49 59 
59 









61 
61 
61 
61 
61 





63 
63 
63 
63 
63 
63 







65 
65 
65 
65 
65 





66 
66 
66 
66 
66 
66 







68 
68 
68 
68 
68 







70 
70 
70 
70 
70 
70 








71 
71 
71 
71 
71 
71 



73 
73 
73 
73 
73 
73 
73 
73 





69 
69 
69 
69 
69 
69 
69 
69 
















73 
73 
73 
73 
73 
73 
73 




68 
68 
68 
68 
68 
68 






























73 
73 
73 
73 
73 
73 






58 66 
42 58 66 
42 58 66 
42 58 66 
42 66 
66 










































49 
49 
49 
49 
49 





























68 
68 
68 
66 68 
66 68 
66 68 
66 68 
66 68 
66 68 
66 68 
66 




57 
47 57 65 
47 57 65 
47 57 65 
47 57 65 
65 





























66 
66 
66 
66 
66 
66 
66 








68 
68 
68 
68 
68 
68 



























69 
69 
69 
69 
69 
69 







61 
46 61 
46 61 70 
46 61 70 
46 61 70 
46 70 
70 
70 
70 
























75 
75 
75 
75 

76 
76 
76 
76 
76 
76 
76 
77 
77 
77 
77 
77 
77 
77 
78 
78 
78 
78 
78 
78 
78 
78 
78 
78 





















51 
51 
51 
51 
51 
51 
51 
51 




































75 
63 67 71 75 
63 67 71 75 
63 67 71 75 
63 67 71 75 
63 67 71 75 
63 67 71 75 
63 67 71 
63 67 71 
67 










































60 
60 
60 
60 
60 









61 63 66 73 
61 63 66 70 73 
61 63 66 70 73 
61 63 66 70 73 
61 63 66 70 73 
61 63 66 70 73 
61 70 
70 


























57 
57 
57 
57 
57 










58 
58 
58 
58 
58 
58 


























53 
53 
53 
53 
53 











54 
54 
54 
54 
54 
54 


























50 
50 
50 
50 
50 
50 









51 
51 
51 
51 
51 
51 


























48 
48 
48 
48 
48 
48 
48 








49 
49 
49 
49 
49 
49 



























37 
37 
37 
37 
37 
37 
37 
37 
37 
37 










































83 
83 
83 
83 
83 
83 






87 
63 75 87 
63 75 87 
63 75 87 
63 75 87 
63 75 87 
63 75 87 
63 75 87 
63 75 87 
63 75 
75 






































53 77 83 86 89 
53 77 83 86 89 
53 77 83 86 89 
53 77 83 86 89 
53 77 83 86 89 
53 77 83 86 89 
53 77 83 86 89 
53 77 83 86 89 
53 77 86 





























51 
51 
51 
51 
51 







61 78 85 90 
61 78 85 90 
61 78 85 90 
61 78 85 90 
61 78 85 90 
61 78 85 90 
61 78 85 90 
78 85 90 
78 85 90 



































66 70 
61 63 66 70 
61 63 66 70 
61 63 66 70 
61 63 66 70 
61 63 66 70 
63 


























78 81 84 90 
78 81 84 90 
78 81 84 90 
78 81 84 90 
78 81 84 90 
78 81 84 90 
78 81 84 90 
78 81 84 90 
78 81 84 90 
81 84 







45 60 
45 60 
45 60 78 81 84 90 
45 60 78 81 84 90 
45 78 81 84 90 
45 81 84 90 
81 84 







































60 
60 66 69 78 81 
60 66 69 78 81 84 
60 66 69 78 81 84 90 
60 66 69 78 81 84 90 
60 66 69 78 81 84 90 
66 69 81 84 90 
81 84 90 
84 90 
84 90 
90 





































44 59 78 83 
44 59 78 83 87 
44 59 78 83 87 90 
44 59 78 83 87 90 
44 59 78 83 87 90 
44 59 78 83 87 90 
78 83 87 90 
90 
90 
90 





































50 60 
50 60 
50 60 
50 60 
50 60 
50 60 
50 60 
50 60 
50 

























80 86 92 
80 86 92 
80 86 92 
80 86 87 92 
80 86 87 92 
80 86 87 92 
80 86 87 92 
80 86 92 
80 86 92 
80 86 92 
86 





59 
49 59 
49 59 
49 59 
49 59 
49 
49 








































59 65 68 
59 62 65 68 
59 62 65 68 
59 62 65 68 
59 62 65 68 
59 62 65 68 
62 65 
62 
62 























77 82 86 89 
77 82 86 89 
77 82 86 89 
77 82 86 89 
77 82 86 89 
77 82 86 89 
77 82 86 89 
77 82 86 89 
77 82 86 89 
77 82 86 






59 
49 59 
49 59 76 
49 59 76 
49 76 88 
76 88 
76 88 
76 88 
76 
76 
























78 90 
78 90 
78 90 
78 90 
78 90 
78 90 
78 90 
78 90 
78 90 





59 64 68 
59 64 68 
59 64 68 76 88 
59 64 68 76 88 
59 64 76 88 
59 64 76 88 
64 76 88 
76 88 
76 
76 






































64 
54 58 64 81 87 
54 58 64 75 81 87 
54 58 64 75 81 87 
54 58 64 75 81 87 
54 58 64 75 81 87 
58 64 75 81 87 
75 81 87 
75 81 

82 
82 
82 
82 
82 
































42 58 
42 58 73 85 
42 58 73 85 
42 58 73 85 
42 58 73 85 
42 58 73 85 
42 58 73 85 
73 85 
73 85 
73 85 




































78 
78 
78 
47 63 78 82 
47 63 78 82 
47 63 82 85 
47 63 82 85 87 
47 85 87 90 
47 85 87 90 
47 85 87 90 
85 87 90 
85 87 90 
87 90 
87 90 
90 
90 




































66 68 
59 63 66 68 
59 63 66 68 
59 63 66 68 
59 63 66 68 
59 63 66 68 
63 












95 
95 
95 
95 97 
95 97 
95 97 
97 
97 
95 97 
95 97 
95 
95 
95 
95 

92 
92 
92 
92 
92 
92 
92 
90 92 
90 
90 
90 
52 90 
52 62 89 90 
52 62 89 90 
52 62 88 89 
52 62 88 
52 62 88 
52 62 88 
62 88 
86 88 
86 88 
86 88 
86 
86 
86 
86 
86 
83 
83 
83 
83 
83 
82 83 
82 83 
80 82 
80 82 
80 82 
80 82 
80 
80 
80 
78 80 
78 
78 
78 





76 
76 
76 
76 
76 
76 
76 
75 76 
75 
59 75 
59 75 
59 75 
59 75 
59 74 75 
59 74 
59 74 
74 
74 
74 
73 74 
73 
73 
73 
73 
73 
73 

72 
72 
72 
72 
72 
72 
71 72 
71 72 
71 72 
71 
71 
71 
71 

70 
69 70 
69 70 
69 70 
69 
69 
69 
68 
68 
68 70 
68 70 
68 70 
70 

67 
67 
67 
67 
46 61 66 67 
46 61 66 67 
46 61 66 67 
46 61 66 67 
46 61 66 
46 61 66 
46 61 66 
66 
66 





































53 
53 
53 
53 
53 
53 
53 
53 
53 


























69 
69 
69 
69 
69 
69 
69 
69 
69 
69 
69 
69 



70 
58 70 
43 58 59 70 
43 58 59 70 
43 58 59 70 
43 70 
43 70 
70 




























73 
73 
73 
73 
73 
73 
73 
73 
73 
73 



70 
50 70 
50 70 
50 70 
50 70 
50 70 
50 70 
50 70 
50 70 
50 







































44 59 
44 59 
44 59 73 
44 59 73 
44 59 73 
44 73 
73 
73 
73 
73 
73 
73 




































51 75 85 
51 75 78 85 
51 75 78 85 
51 75 78 85 
51 75 78 85 
51 75 78 85 
51 75 78 85 
51 75 78 85 
51 75 78 85 
75 78 85 
78 
78 























73 76 81 
73 76 81 
73 76 81 
73 76 81 
73 76 81 
73 76 81 
73 76 81 
73 76 81 
73 76 81 
76 81 
76 



49 59 
49 59 77 82 
49 59 77 82 
49 59 77 82 
49 59 77 82 
49 59 77 82 
77 82 
77 82 


























85 
85 
85 
85 
85 
85 
85 
85 
85 




68 
59 65 68 82 
59 65 68 82 
59 65 68 82 
59 65 68 82 
59 65 68 82 
59 65 82 
59 65 82 
65 82 







































46 61 73 76 80 85 
46 61 73 76 80 85 
46 61 73 76 80 85 
46 61 73 76 80 85 
46 61 73 76 80 85 
46 61 73 76 80 85 
46 73 76 80 85 
73 76 80 85 
73 76 80 85 
76 






































58 61 64 68 
58 61 64 68 
58 61 64 68 
58 61 64 68 
58 61 64 68 
58 64 68 
58 64 68 
64 
64 
























84 
80 84 88 92 
80 84 88 92 
80 84 88 92 
80 84 88 92 
80 84 88 92 
80 84 88 92 
80 84 88 92 
80 84 88 92 
80 84 88 92 
80 84 85 88 92 
80 84 85 88 92 
85 
85 
85 
85 
80 85 
46 80 
46 80 
46 
46 
46 
46 88 
88 
88 92 
88 92 
88 92 
88 92 
88 92 
92 
80 
80 
80 
80 
80 
80 
88 
85 88 92 
85 88 92 
88 92 
88 92 
88 
88 
80 88 
80 
80 
80 
80 
80 88 
85 88 92 
88 92 
88 92 
88 92 
88 92 
88 
80 88 
80 88 
80 
80 
80 
80 
80 88 
88 92 
88 92 
64 68 88 92 
58 61 64 68 88 92 
58 61 64 68 88 92 
58 61 64 68 80 88 92 
58 61 64 68 80 
58 61 64 68 80 
58 61 64 68 80 
58 64 80 
64 80 
80 
80 






















79 84 88 91 
79 84 88 91 
79 84 88 91 
79 84 88 91 
79 84 88 91 
79 84 88 91 
79 84 88 91 
79 84 88 91 
79 84 88 91 
79 84 91 
79 



39 55 
39 55 
39 55 
39 55 
39 55 
39 55 
55 







































56 
41 56 
41 56 
41 56 
41 56 
41 56 
41 56 
41 56 
41 








































57 
42 57 
42 57 
42 57 
42 57 
42 57 
42 57 
42 57 
42 57 
57 






















99 
93 99 105 
93 99 105 
93 99 105 
93 99 105 
93 99 105 
93 99 105 
93 99 105 
93 99 105 
93 99 105 
93 105 
93 105 




43 93 99 105 
43 58 93 99 105 
43 58 93 99 105 
43 58 93 99 105 
43 58 93 99 105 
43 58 93 99 105 
43 58 93 99 105 
43 93 99 105 
43 93 105 
105 






















93 99 105 
93 99 105 
93 99 105 
93 99 105 
93 99 105 
93 99 105 
93 99 105 
93 99 105 
93 99 105 
93 99 105 
93 105 




93 
44 60 93 
44 60 93 
44 60 93 
44 60 93 
44 60 93 
44 60 93 99 105 
99 105 
99 105 
99 105 
99 105 
105 
93 
93 
93 
93 
93 
93 


99 
99 
99 
99 
93 
93 
93 
93 
93 
93 
93 
99 
99 105 
99 105 
105 
93 105 
93 105 
93 
93 
93 
93 
93 
93 





46 61 92 104 
46 61 92 104 
46 61 92 104 
46 61 92 104 
46 61 92 104 
46 61 92 104 
46 61 92 104 
46 61 92 104 
92 104 
104 




































47 62 
47 62 90 95 102 
47 62 90 95 102 
47 62 90 95 102 
47 62 90 95 102 
47 62 90 95 102 
47 62 90 95 102 
47 90 95 102 
90 95 102 
102 





































60 
50 60 87 93 99 
50 60 87 93 99 
50 60 87 93 94 99 
50 60 87 93 94 99 
50 60 87 93 94 99 
50 60 87 93 94 99 
50 87 93 94 99 
50 87 93 94 99 
87 93 94 99 
93 


































59 
49 59 
49 59 85 92 97 
49 59 85 92 97 
49 59 85 92 97 
49 59 85 92 97 
49 59 85 92 97 
49 85 92 97 
85 92 97 
85 92 97 
85 92 97 
85 92 97 
85 92 97 





















90 97 102 
90 97 102 
90 97 102 
90 97 102 
90 97 102 
90 97 102 
90 97 102 
90 97 102 
90 97 102 
97 








85 92 
85 92 97 99 
85 87 92 97 99 
85 87 92 97 99 
85 87 92 97 99 
87 92 97 99 
92 97 
92 
























84 
84 88 91 96 
84 88 91 96 
84 88 91 96 
84 88 91 96 
84 88 91 96 
84 88 91 96 
84 88 91 96 
84 88 91 96 
84 88 91 96 
88 91 96 





88 
83 88 95 
83 88 95 
83 88 95 
83 95 
83 95 
83 95 
95 
























88 
81 88 
81 88 93 
81 88 93 
81 88 93 
81 88 93 
81 88 93 
81 88 93 
81 88 93 
81 88 93 
81 88 93 







89 
82 89 94 
82 89 94 
82 89 94 
82 89 94 
82 94 
82 94 
94 
























78 85 90 
78 85 90 
78 85 90 
78 85 90 
78 85 90 
78 85 90 
78 85 90 
78 85 90 
78 85 90 
78 





































48 64 
48 58 64 74 78 
48 58 64 70 74 78 
48 58 64 68 70 74 78 
48 58 64 68 70 74 78 
48 58 64 68 70 74 78 
48 58 64 68 70 74 78 
48 64 68 70 74 78 
70 74 78 
70 74 78 
70 74 78 









57 
47 57 63 68 77 
47 57 63 68 73 77 
47 57 63 68 73 77 
47 57 63 68 73 77 
47 57 63 68 73 77 
57 68 73 77 
57 68 77 
77 


























46 
46 
46 
46 
46 
46 
46 



62 
62 67 72 76 
62 67 72 76 
62 67 72 76 
62 67 72 76 
62 67 72 76 
62 67 72 76 
62 67 72 76 
67 72 76 
67 72 76 
67 72 76 























45 61 66 71 75 
45 61 66 71 75 
45 61 66 71 75 
45 61 66 71 75 
45 61 66 71 75 
45 66 71 75 
45 66 71 75 
66 71 75 
71 75 






































44 
44 
44 
44 
44 
44 
44 



51 
51 
51 
51 
51 
51 
51 
51 
60 
60 63 66 70 74 
60 63 66 70 74 
60 63 66 70 74 
60 63 66 70 74 
60 63 66 70 74 
60 63 66 70 74 
60 63 66 70 74 
60 63 66 70 74 
60 63 66 70 74 
63 66 74 
63 74 





















43 
43 
43 
43 
43 
43 
43 








59 62 65 73 
59 62 65 69 73 
59 62 65 69 73 
59 62 65 69 73 
59 62 65 69 73 
59 62 65 69 73 
59 62 65 69 73 
59 62 65 69 73 
62 69 
62 69 























58 63 64 68 72 
42 58 63 64 68 72 
42 58 63 64 68 72 
42 58 63 64 68 72 
42 58 63 64 68 72 
42 58 63 64 68 72 
42 58 63 64 68 72 
42 58 63 64 68 72 
42 63 64 68 72 
64 72 




















































80 
80 
80 
80 
80 


84 
84 
84 
84 
84 
84 
84 
84 87 
84 87 
87 
87 
87 
87 
87 
87 

92 
92 
92 
92 
92 
92 
92 
92 
96 
96 
96 
96 
96 
96 
96 
96 
96 
99 
99 
99 
99 



104 
104 
104 
104 
104 
104 108 
108 
108 
108 
108 
108 
108 111 
108 111 
108 111 
111 
111 
111 
111 
111 
111 
111 




































































































37 66 
37 66 
37 66 
30 37 64 66 
30 37 64 66 
30 37 64 
30 42 64 
42 64 
34 42 64 
34 42 64 
34 42 64 
34 
34 
34 62 
34 62 
34 62 
62 
62 
61 62 
61 
61 
30 61 
30 61 
30 
30 
30 
30 
30 
30 











