


























































































































































53 54 78 86 89 
53 54 78 86 89 
53 54 78 86 89 
53 54 78 86 89 
53 54 78 86 89 
53 54 78 86 89 
53 54 78 86 89 
53 54 86 89 
86 


















78 86 90 
78 86 90 
78 86 90 
78 86 90 
78 86 90 
78 86 90 
78 86 90 
86 87 90 
87 
87 
87 









































77 
66 74 77 
66 74 77 
66 74 77 
66 74 77 
66 74 77 
66 74 77 
74 
74 

















66 78 
66 75 78 
66 75 78 
66 75 78 
66 75 78 
66 75 78 
66 75 78 
75 78 







































61 67 81 
57 61 67 73 81 
57 61 67 73 81 
57 61 67 73 81 
57 61 67 73 81 
57 67 73 81 
57 67 73 81 
57 67 73 81 
67 81 




















78 
78 
78 
78 





81 
81 
81 
81 
81 
81 
81 
81 
81 


















67 
67 73 78 
67 73 78 
67 73 78 
67 73 78 
67 73 78 
73 78 
78 








































































66 72 80 
56 60 66 72 80 
56 60 66 72 80 
56 60 66 72 80 
56 60 66 72 80 
56 60 66 72 80 
60 66 72 80 
72 80 































72 78 
66 72 78 
66 72 78 
66 72 78 
66 72 78 
66 72 78 
66 72 78 
72 





























80 
80 
80 
80 
80 
80 
80 
80 
80 





75 76 
75 76 
76 
76 
76 
76 
76 77 
77 
77 
77 
77 
























75 
75 
75 
75 
75 
75 
75 
75 
75 





























55 60 
55 60 65 69 79 
55 60 65 69 79 
55 60 65 69 79 
55 65 69 79 
55 65 69 79 
69 79 
69 79 
69 79 
69 79 















76 
76 
76 
74 76 
74 76 
74 76 
74 
74 
72 74 
72 
72 
72 
72 
72 
72 
72 
69 
69 
69 
69 
69 
69 


















54 64 68 71 75 78 
54 64 68 71 75 78 
54 64 68 71 75 78 
54 64 68 71 75 78 
54 64 68 71 75 78 
68 71 75 78 
68 71 75 78 
78 





























89 
78 89 90 
78 89 90 
78 89 90 
78 89 90 
78 89 90 
78 89 90 
78 89 90 
78 89 90 
78 89 90 
78 90 




























54 
54 
54 
54 
54 
54 
54 





63 
63 
63 
63 
63 
63 
63 




















78 
78 
78 
78 
78 
78 
78 
78 
78 
78 
78 
78 


80 
80 
80 
80 
80 
80 
80 

















83 
83 
83 
83 
83 
83 
83 
83 
83 
83 



82 
82 
82 
82 
82 
82 
82 
82 
82 













81 
81 
81 
81 
81 
80 
80 
80 
80 
80 
80 
79 
79 
79 
79 
78 79 
78 79 
78 79 
78 79 
78 
78 
78 
78 































54 64 79 
54 64 69 79 
54 64 69 79 
54 64 69 79 80 
54 64 69 79 80 
54 64 69 79 80 
69 79 80 
69 79 80 
69 80 
69 80 































75 
75 
75 
75 
75 
75 
75 



















69 74 78 
53 63 69 74 78 
53 63 69 74 78 
53 63 69 74 78 
53 63 69 74 78 
69 74 78 
69 74 78 
74 































74 
74 75 
74 75 
74 75 
74 75 
74 75 
74 75 
74 75 
74 75 
74 75 
74 75 












74 
74 
74 
74 
74 
73 
73 
73 
73 


72 
72 
72 
72 
72 
72 
71 72 
71 
71 
71 
71 
71 
71 




52 73 
52 73 
52 73 
52 73 
52 73 
52 73 
52 73 
73 
























































53 
53 
53 







63 
63 67 
63 67 71 
63 67 71 
67 71 
67 71 
71 





















79 
79 
79 
79 
79 
79 
79 
79 
79 





























68 71 75 78 
68 71 75 78 
68 71 75 78 
68 71 75 78 
68 71 75 78 
68 71 75 78 
78 

































52 
52 
52 
52 
52 
52 
52 
52 


56 
56 
56 
56 
56 
56 





















52 
52 
52 
52 
52 
52 







59 
59 
59 
59 
59 
59 




















71 83 
71 83 
71 83 
71 83 
71 83 
71 83 
71 83 
71 83 
71 83 
71 83 
71 83 



60 
60 
60 
60 
60 





72 84 
72 84 
72 84 
72 84 
72 84 
72 84 
72 84 
72 84 






52 
52 
52 
52 
52 
52 






73 85 
73 79 85 
61 73 79 85 
61 73 79 85 
61 73 79 85 
61 73 79 85 
61 79 































61 
61 67 71 
61 64 67 71 
61 64 67 71 
64 67 71 
64 67 
64 
64 






























47 
47 
47 
47 
47 
































40 
40 
40 
40 
40 
40 
40 




















73 79 85 
73 79 85 
73 79 80 85 
73 79 80 85 
73 79 80 85 
73 79 80 85 
73 79 80 85 
73 79 80 85 
73 79 85 
79 


37 
37 
37 
37 
37 
37 
37 

































59 64 68 
59 61 64 68 
59 61 64 68 
59 61 64 68 
61 64 68 
61 
































42 58 79 84 86 91 
42 58 79 84 86 91 
42 58 79 84 86 91 
42 58 79 84 86 91 
42 58 79 84 86 91 92 
58 79 80 84 86 91 92 
58 79 80 84 85 86 87 91 92 
58 79 80 84 85 86 87 91 
79 80 84 85 86 87 91 
79 80 84 85 86 87 91 
79 80 84 85 86 87 91 
80 85 87 
85 
























52 85 
52 78 83 85 90 
52 78 83 85 90 
52 78 83 85 90 
52 78 83 85 90 
52 78 83 85 90 
52 78 83 85 90 
78 83 85 
78 83 



















75 81 87 
75 81 87 
75 81 82 87 
75 81 82 87 
75 81 82 87 
75 81 82 87 
75 81 82 87 
82 


61 
51 61 
51 61 
51 61 
51 61 
51 61 
51 
51 



















45 
45 
45 
45 
45 
45 
45 






61 
61 
61 
61 
61 




















44 
44 
44 
44 
44 
44 







60 
60 
60 
60 
60 
60 
60 



















48 
48 
48 
48 
48 
48 
48 
48 





63 
63 
63 
63 
63 
63 



















49 
49 
49 
49 
49 
49 







59 
59 
59 
59 























78 79 
78 79 
78 79 
78 79 
78 79 
78 79 
78 79 80 
78 79 80 
78 79 80 
78 79 80 
78 79 80 
61 64 68 80 
61 64 68 80 
61 64 68 80 
61 64 68 80 
61 64 68 
64 




















83 
54 83 
54 83 
54 83 
54 83 
54 83 
54 83 
54 83 
83 
83 

64 
64 
64 83 
64 81 83 
64 81 83 
64 81 83 
81 83 
81 
81 
81 
81 
81 



83 
83 
78 83 
78 83 
78 83 
78 83 
78 83 
78 83 
78 
78 


77 
77 
77 
77 
77 
77 
77 
77 



76 
58 76 
58 76 
58 76 
58 76 
58 76 
58 76 
58 76 
76 








71 
71 
71 
71 
71 




74 80 
74 80 
74 75 80 
74 75 80 
74 75 80 
74 75 80 
74 75 80 
74 75 80 
75 



47 
47 63 71 
47 63 71 
47 63 71 
47 71 
47 71 
71 
































63 68 
63 66 68 78 
63 66 68 78 
63 66 68 78 
63 66 68 78 
63 66 68 78 
63 66 78 
66 78 
78 
78 
78 
78 
78 

80 
80 
80 
80 
80 








83 
83 
83 
83 
83 
83 
83 
83 
83 
83 

58 59 
58 59 
58 59 80 81 
58 59 80 81 
58 59 80 81 
58 59 81 
58 59 81 
58 81 
81 82 
81 82 
82 
82 
82 
82 
82 

























43 
43 
43 
43 
43 
43 
43 
43 
43 


















75 
75 
75 
75 
75 
75 
75 
75 
75 
75 




42 
42 76 
42 76 
42 76 
42 76 
42 76 
42 76 77 
77 
77 
77 
77 
77 78 
77 78 
78 
78 
78 
78 





















57 61 64 68 
57 61 64 68 
57 61 64 68 
57 61 64 68 
57 64 68 
64 68 




















73 
66 69 73 
66 69 73 
66 69 73 
66 69 73 
66 69 73 
66 69 73 
66 69 
69 


57 
47 57 
47 57 
47 57 
47 57 
47 





















74 83 
74 80 83 86 87 
74 80 83 86 87 
74 80 83 86 87 
74 75 80 83 86 87 
74 75 80 83 86 87 
74 75 80 83 87 
74 75 80 83 87 
74 75 80 87 
75 
75 
75 
54 75 
54 
54 
54 
54 
54 
54 



















85 
73 80 85 
73 80 85 
73 80 85 
73 80 85 
73 80 85 
73 80 85 
73 80 85 
73 80 85 
73 80 
80 
52 
52 63 
52 63 
52 63 
52 63 
52 


































59 63 64 68 
59 63 64 68 
59 63 64 68 
59 63 64 68 
59 63 64 68 
63 64 
63 64 




















41 
41 
41 
41 
41 
41 
41 





57 
57 
57 
57 
57 
57 
57 
57 




























63 74 86 
53 63 74 79 86 
53 63 74 79 86 
53 63 74 79 86 
53 63 74 79 86 
53 63 74 79 86 
53 74 79 86 
74 79 86 
79 86 
79 


















52 
52 
52 
52 
52 
52 
52 




61 79 85 
61 73 79 85 
61 73 79 85 
61 73 79 85 
61 73 79 85 
61 73 79 80 85 
61 73 79 80 85 
80 






























57 
42 57 
42 57 
42 57 
42 57 
42 57 
42 57 
57 






























43 58 
43 58 
43 58 
43 58 
43 58 
43 58 
43 
43 





























44 
44 59 
44 59 
44 59 
44 59 
44 59 
44 59 























49 
49 
49 
49 
49 
49 






59 
59 
59 
59 
59 
59 





















74 80 83 87 
74 80 83 87 
74 75 80 83 87 
74 75 80 83 87 
74 75 80 83 87 
74 75 80 83 87 
74 75 80 83 87 
74 75 80 83 87 
74 75 80 87 
74 75 
74 75 

63 65 68 
59 63 65 68 
59 63 65 68 
59 63 65 68 
59 63 65 68 























83 
83 
83 
83 
83 






44 74 
44 74 80 83 
44 74 80 83 86 87 
44 74 80 83 86 87 
44 74 80 83 86 87 
44 74 80 83 86 87 
44 74 75 80 83 86 87 
74 75 80 83 86 
74 75 80 
75 
75 
75 
75 
75 
























68 
59 63 65 68 
59 63 65 68 
59 63 65 68 
59 63 65 68 
59 63 65 
65 
































42 58 74 79 82 87 
42 58 74 79 82 87 
42 58 74 79 82 87 
42 58 74 79 82 87 
42 58 74 79 82 87 
42 58 74 75 79 82 87 
42 58 74 75 79 82 87 
74 75 79 82 87 
74 75 79 
75 79 
75 
75 
75 
























58 64 66 
58 64 66 
58 64 66 
58 64 66 
58 64 66 
58 64 66 
64 



















74 79 82 87 
74 79 82 87 
74 79 82 86 87 
74 79 82 86 87 
74 75 79 82 86 87 
74 75 79 82 86 87 
74 75 79 82 86 87 
74 75 79 82 86 
74 75 79 
74 75 79 
75 
49 75 
49 
49 
49 
49 
49 
49 





















74 79 82 87 
74 79 82 86 87 
74 79 82 86 87 
74 79 82 86 87 
74 75 79 82 86 87 
74 75 79 82 86 87 
74 75 79 82 86 87 
74 75 79 82 86 87 
74 75 79 82 86 
74 75 79 86 
48 75 
48 75 
48 
48 
48 
48 
48 
48 


















74 
71 74 78 80 83 
71 74 78 80 83 
71 74 78 80 83 
71 74 78 80 83 
71 74 75 78 80 83 
71 74 75 78 80 83 
71 74 75 78 80 83 
71 74 75 80 83 
71 75 
75 
75 
47 
47 
47 
47 
47 
47 
47 

































68 
59 63 66 68 
59 63 66 68 
59 63 66 68 
59 63 66 68 
63 66 
63 
































44 80 87 90 92 95 
44 80 87 90 92 95 
44 80 87 90 92 95 
44 80 87 90 92 95 
44 80 87 90 92 95 
44 80 87 90 92 95 
44 80 87 90 92 95 
80 87 90 92 95 
80 92 95 






























68 
59 63 66 68 
59 63 66 68 
59 63 66 68 
59 63 66 68 
63 66 
63 66 































80 86 90 92 95 
47 63 80 86 90 92 95 
47 63 80 86 90 92 95 
47 63 80 86 90 92 95 
47 63 80 86 90 92 95 
47 63 80 86 90 92 95 
47 63 80 86 87 90 92 95 
47 63 80 86 87 90 92 95 
47 86 87 95 
87 
87 




























59 63 66 68 
59 63 66 68 
59 63 66 68 
59 63 66 68 
59 63 66 68 
59 63 66 



















83 86 90 95 
83 86 90 92 95 
83 86 90 92 95 
83 86 90 92 95 
83 86 87 90 92 95 
83 86 87 90 92 95 
83 86 87 90 92 95 
83 86 87 90 92 95 
83 86 87 92 95 
86 87 
87 

51 66 
51 66 
51 66 
66 

































50 
50 65 
50 65 
50 65 
50 65 
50 65 
50 65 
50 




















49 
49 
49 
49 
49 
49 
49 





64 
64 
64 
64 
64 
64 
64 
64 



















83 
83 
83 
83 
83 
83 
83 
83 
83 



61 64 66 
61 64 66 84 
61 64 66 84 
61 64 66 84 
61 64 66 84 
64 66 84 
84 85 
84 85 
84 85 


















92 
92 
92 
92 
92 
92 
92 
92 
92 
92 

42 
42 
42 
42 
42 
90 
90 
90 






























61 64 66 83 
61 64 66 83 
61 64 66 83 
61 64 66 83 
61 64 66 83 
64 66 83 
64 83 































49 
49 57 85 
49 57 64 85 
49 57 64 85 
49 57 64 85 
49 57 64 85 
57 64 85 
85 
85 




























91 
61 64 66 91 
61 64 66 91 
61 64 66 91 92 
61 64 66 91 92 
61 64 66 91 92 
61 64 66 91 92 
64 66 91 92 
64 91 92 
64 91 92 
92 
92 
















90 
90 
90 
90 
90 
90 
90 
90 
90 



47 
47 
47 
47 
47 
47 
47 































41 57 
41 57 
41 57 
41 57 
41 57 
41 57 
41 57 





















40 
40 
40 
40 
40 
40 
40 
40 




56 
56 
56 
56 
56 
56 
56 



















83 
83 
83 
83 
83 
83 
83 
83 
83 
83 
83 
57 
42 57 
42 57 
42 57 
42 57 



86 
86 
86 
86 
86 
86 
86 
87 
87 
87 
87 
87 







95 
95 
95 
95 
95 
95 
95 
95 
95 
95 
43 58 95 
43 58 
43 58 
43 58 
43 
43 



92 
92 
92 
92 
92 
92 
92 












87 
87 
87 
87 
87 
87 
87 
87 
87 
87 
44 59 
44 59 
44 59 
44 59 
44 83 
44 83 
83 
83 
83 



















81 
81 
81 
81 
81 
81 
81 
81 
81 
81 
57 81 
42 57 
42 57 
42 57 
42 57 
42 57 





















78 
78 
78 
78 
78 
78 
78 





40 
40 79 
40 79 
40 79 
40 79 
40 79 
40 79 
40 79 
79 
79 






























56 80 
56 80 
56 80 
56 80 
56 80 
56 80 
56 80 
56 80 
80 
80 
80 

















83 
83 
83 
83 
83 
83 
83 




41 56 85 
41 56 85 
41 56 85 
41 56 85 
41 56 85 
41 56 85 
85 
85 
85 
85 



























44 
44 59 86 
44 59 86 
44 59 86 
44 59 86 87 
44 59 86 87 
44 59 86 87 
86 87 
86 87 
86 87 
86 87 
86 87 
87 
87 


























59 63 66 68 82 86 90 94 
59 63 66 68 82 86 90 94 
59 63 66 68 82 86 90 94 
59 63 66 68 82 86 90 94 
59 63 66 68 82 86 90 94 
59 63 66 68 82 86 90 94 
59 63 66 68 82 86 90 94 
82 86 90 94 
82 86 90 94 
82 86 94 
87 
87 
87 
87 
87 
87 






















49 59 80 86 92 
49 59 80 86 92 
49 59 80 86 92 
49 59 80 86 92 
49 59 80 86 92 
49 59 80 86 92 
49 80 86 92 
80 86 92 
80 86 87 92 
80 86 87 92 
87 
87 
87 
87 























68 
59 65 68 
59 65 68 
59 65 68 
59 65 68 
59 65 68 
59 65 
65 
































44 59 73 
44 59 73 76 82 
44 59 73 76 82 
44 59 73 76 82 
44 59 73 76 82 
44 73 76 82 
73 76 82 
73 76 82 
73 76 82 
73 76 82 
73 76 77 82 
76 77 82 
76 77 
77 
77 















50 
50 
50 
50 
50 
50 



60 
60 72 76 81 
60 72 76 81 
60 72 76 81 
60 72 76 81 
60 72 76 81 
60 72 76 81 
72 76 81 
72 76 81 
72 76 81 
72 81 















71 75 80 
71 75 80 
71 75 80 
71 75 80 
71 75 80 
71 75 80 
71 75 80 
71 75 80 
71 75 80 
80 


49 59 
49 59 
49 59 
49 59 
49 59 
































43 
43 58 
43 58 
43 58 
43 58 
43 58 
43 58 
43 58 
43 
43 

















88 
88 
88 
88 
88 
88 
88 
88 
88 
88 
88 

79 91 
79 84 91 
79 84 91 
79 84 91 
79 84 91 
79 84 91 
79 84 91 
79 84 91 
91 




















88 
88 
88 
88 
88 
88 
88 

50 79 91 
50 60 65 79 84 91 
50 60 65 79 84 91 
50 60 65 79 84 91 
50 60 65 79 84 91 
50 60 65 79 84 91 
60 79 84 91 
60 79 84 91 
79 84 91 
79 84 91 
84 


























69 
65 69 76 79 
55 59 65 69 76 79 
55 59 65 69 76 79 
55 59 65 69 76 79 
55 59 69 76 79 
55 59 69 76 79 
69 76 79 
69 76 79 
79 



























































87 
87 
87 
87 
87 
87 
87 
87 
87 


49 64 78 90 
49 64 78 90 
49 64 78 90 
49 64 78 90 
49 64 78 90 
49 64 78 90 
64 78 90 
64 78 90 
78 90 
90 



















87 
87 
87 
87 






90 
78 90 
78 90 
78 90 
78 90 
78 90 
78 90 
78 90 
78 
78 


















55 65 70 74 81 
55 65 70 74 81 
55 65 70 74 81 
55 65 70 74 81 
55 65 70 74 81 
55 65 70 74 81 
55 70 74 81 
70 74 81 
70 74 81 


























70 74 79 
48 64 70 74 79 
48 64 70 74 79 
48 64 70 74 79 
48 64 70 74 79 
48 64 70 74 79 
48 64 70 74 79 
48 70 74 79 
70 74 79 
70 74 79 
79 





























47 
47 
47 
47 
47 
47 
47 






63 
63 
63 
63 
63 
63 
63 
63 
63 
















90 
90 
90 
90 
90 
90 
90 
90 
90 
90 
90 
90 

63 66 68 
63 66 68 92 
59 63 66 68 92 
59 63 66 68 92 
59 66 92 
92 
92 
92 

















83 90 95 
83 90 95 
83 90 95 
83 90 95 
83 90 95 
83 90 95 
83 90 95 
83 90 95 
83 90 95 
83 90 95 
95 
52 62 
52 62 
52 62 
52 62 
52 62 
52 62 
52 

82 86 94 
82 86 94 
82 86 94 
82 86 94 
82 86 94 
82 86 94 
86 94 
























62 68 78 86 90 
62 68 78 86 90 
62 68 78 86 90 
62 68 78 86 90 
62 68 78 86 90 
62 68 78 86 90 
78 86 90 






























51 79 
51 61 79 85 87 
51 61 79 85 87 92 
51 61 79 85 87 92 
51 61 79 85 87 91 92 
51 79 85 87 91 92 
79 85 91 92 
79 80 91 
79 80 
80 
80 
80 
80 
80 
80 























66 
61 63 66 79 85 87 
61 63 66 79 85 87 
61 63 66 79 85 87 88 
61 63 66 79 85 87 88 92 
61 63 66 79 85 87 88 92 
61 63 79 85 88 92 
63 79 80 85 88 92 
79 80 
80 
80 
80 
80 
80 


























90 
44 78 84 87 90 
44 78 84 87 90 
44 78 84 87 90 
44 78 84 87 90 
44 78 84 87 90 
44 78 84 87 90 
84 





















48 
48 
48 87 
48 87 
48 87 
48 87 
87 



63 78 84 87 90 
63 78 84 87 90 
63 78 84 87 90 
63 78 84 87 90 
63 78 84 87 90 
63 78 84 87 90 
63 78 84 87 90 
63 78 84 87 90 
78 84 87 90 
78 90 





























49 74 
49 59 74 79 82 87 
49 59 74 79 82 87 
49 59 74 79 82 86 87 
49 59 74 79 82 86 87 
49 59 74 79 82 86 87 
74 75 79 82 86 
74 75 79 82 86 
75 79 86 
75 79 
75 
75 
75 
























68 
59 63 65 68 
59 63 65 68 
59 63 65 68 
59 63 65 68 
59 63 65 
59 63 




















74 79 
74 79 82 87 
74 79 82 87 
74 75 79 82 86 87 
74 75 79 82 86 87 
74 75 79 82 86 87 
74 75 79 82 86 87 
74 75 79 82 86 
74 75 86 
75 
75 
44 
44 
44 
44 
44 
44 



































59 65 68 
59 63 65 68 
59 63 65 68 
59 63 65 68 
59 63 65 68 
59 63 65 68 
59 63 65 
63 















83 
83 
81 83 
79 81 83 
79 81 83 
79 81 83 
79 81 
77 79 81 
77 79 81 
77 79 81 
77 79 81 
77 79 
77 79 
75 77 
75 
75 
75 
75 
75 
75 
75 























75 
73 75 
73 75 
71 73 75 
71 73 
70 71 73 
70 71 73 
69 70 71 
69 70 71 
69 
69 
69 
69 
69 
69 
69 
69 


















69 
69 
69 
69 
69 
67 69 
67 69 
67 
67 
65 67 
65 67 
65 67 
65 67 
65 
65 
65 
65 






















48 
48 
48 
48 
48 
48 
48 
48 
48 

56 58 64 
56 58 64 
56 58 64 
56 58 64 
56 58 64 
56 58 64 
56 58 64 
64 
64 
64 
64 
64 















61 63 
61 63 
61 63 
61 63 
61 63 
61 63 
61 63 
61 63 
63 
63 


59 
49 59 
49 59 
49 59 
49 59 
49 
49 




















74 
74 80 83 87 
74 80 83 86 87 
74 80 83 86 87 
74 80 83 86 87 
74 75 80 83 86 87 
74 75 80 83 86 87 
74 75 80 83 86 87 
74 75 80 83 86 
74 75 80 86 
75 
75 

59 64 68 
59 61 64 68 
59 61 64 68 
59 61 64 68 
59 61 64 
61 64 
61 



















74 
74 80 83 87 
74 80 83 86 87 
74 80 83 86 87 
74 80 83 86 87 
74 75 80 83 86 87 
74 75 80 83 86 87 
74 75 80 83 
75 80 
75 
44 75 
44 75 
44 75 
44 
44 
44 
44 






















74 80 87 
74 80 83 87 
74 80 83 87 
74 80 83 87 
74 75 80 83 87 
74 75 80 83 87 
74 75 80 83 87 
74 75 80 83 
74 75 80 83 
74 75 
68 75 
59 61 64 68 75 
59 61 64 68 
59 61 64 68 
59 61 64 68 
59 61 64 
61 64 
64 




















74 
74 80 83 87 
74 80 83 87 
74 80 83 87 
74 80 83 87 
74 80 83 87 
74 80 83 87 
74 80 83 87 
74 80 83 87 
74 
42 
42 58 
42 58 
42 58 87 
42 58 75 80 83 87 
42 75 80 83 87 
75 80 83 87 
75 80 83 87 
75 80 83 87 
75 80 83 87 
80 83 
83 

















78 83 90 
78 83 90 
78 83 90 
78 83 90 
78 83 90 
78 83 90 
78 83 90 
78 83 90 
78 83 90 
78 83 90 
48 83 90 
48 64 
48 64 
48 64 
48 64 
48 64 81 88 
48 64 76 81 88 
64 76 81 88 
76 81 88 
76 81 88 
76 81 88 
76 81 















74 80 
74 80 82 
74 80 82 87 
74 80 82 86 87 
74 80 82 86 87 
74 75 80 82 86 87 
74 75 80 82 86 87 
74 75 80 82 86 
74 75 82 
75 
75 
75 
75 

58 
58 
58 
58 71 83 
58 71 83 
58 71 83 
71 83 
71 83 
71 83 
83 
















66 71 73 78 
66 71 73 78 
66 71 73 78 
66 71 73 78 
66 71 73 78 
66 71 73 78 
48 66 71 73 78 
48 66 71 73 78 
48 66 71 73 78 
48 66 78 
48 
48 58 
48 58 76 
48 58 69 76 
58 69 74 76 81 
58 69 74 76 81 
58 69 74 76 81 
58 69 74 75 76 81 
69 70 75 76 81 
69 70 76 81 82 
69 70 77 82 
70 77 82 
70 77 82 
70 77 













71 78 83 
71 75 77 78 83 
71 75 77 78 83 
71 75 77 78 83 
71 75 77 78 83 
71 75 77 78 83 
71 75 77 78 83 
71 75 77 78 83 
71 75 78 83 
71 83 
47 63 
47 63 
47 63 
47 63 
47 63 























71 78 83 
71 77 78 83 
71 77 78 83 
71 77 78 83 
71 77 78 83 
71 77 78 83 
71 77 78 83 
71 77 78 83 
71 77 78 83 
71 77 78 83 
77 
52 
52 62 
52 62 
52 62 
52 62 
52 62 
52 62 





















71 77 83 
71 77 78 83 
71 77 78 83 
71 77 78 83 
71 77 78 83 
71 77 78 83 
71 77 78 83 
71 77 78 83 
71 77 78 83 
71 77 78 83 

51 61 
51 61 
51 61 
51 61 
51 61 
51 61 





















71 77 83 
71 77 78 83 
71 77 78 83 
71 77 78 83 
71 77 78 83 
71 77 78 83 
71 77 78 83 
71 77 78 83 
71 77 78 83 
71 78 83 



50 60 
50 60 
50 60 
50 60 
50 60 
50 60 
50 


















71 76 80 83 
71 76 80 83 
71 76 80 83 
71 76 80 83 
71 76 80 83 
71 76 80 83 
71 76 80 83 
71 76 80 83 
71 76 80 83 
76 


49 59 
49 59 
49 59 
49 59 
49 59 
49 59 























43 
43 
43 
43 
43 
43 
43 
43 
43 
43 


55 
55 
55 
55 
55 
55 
55 
55 
55 


















42 
42 
42 
42 
42 
42 
42 
42 



54 
54 
54 
54 
54 
54 
54 
54 
54 















89 
89 90 93 95 
89 90 93 95 
89 90 93 95 
89 90 93 95 
89 90 93 95 
89 90 93 95 
89 90 93 95 
89 90 93 95 
89 90 93 95 
89 90 93 95 
90 93 95 

57 
57 89 90 93 95 
57 89 90 93 95 
57 89 90 93 95 
57 89 90 93 95 
57 89 90 93 95 
57 89 90 93 95 
57 89 90 93 95 
89 90 93 95 
89 90 95 
















89 90 93 95 
89 90 93 95 
89 90 93 95 
89 90 93 95 
89 90 93 95 
89 90 93 95 
89 90 93 95 
89 90 93 95 
89 90 93 95 
89 90 93 95 
47 63 90 
47 63 
47 63 
47 63 89 
47 63 89 
47 63 89 
47 89 

90 
90 93 
90 93 95 
90 93 95 
90 93 95 
93 95 
89 93 95 
89 93 95 
89 93 95 
89 
89 
89 
93 95 
93 95 
93 95 
93 95 
93 95 
89 93 95 
89 93 95 
89 93 
89 
89 
89 
93 95 
93 95 
93 95 
93 95 
89 93 95 
89 93 95 
89 93 
89 93 
57 63 66 89 
57 63 66 
57 63 66 93 95 
57 63 66 93 95 
57 63 66 93 95 
57 63 66 93 95 
57 63 89 93 95 
89 93 95 
89 93 
89 93 
89 93 


93 95 
93 95 
93 95 
93 95 
89 93 95 
89 93 95 
89 93 
89 
89 


93 95 
93 95 
93 95 
93 95 
93 95 
89 93 95 
89 93 
89 93 
89 
89 

93 95 
93 95 
93 95 
52 62 93 95 
52 62 89 93 95 
52 62 89 93 
52 62 89 93 
52 62 89 93 
52 62 89 
52 62 
52 62 93 
93 95 
93 95 
93 95 
93 95 
89 93 95 
89 93 95 
89 93 
89 
89 
89 

93 
93 95 
93 95 
93 95 
93 95 
89 93 95 
89 93 
89 
89 
89 

93 
93 95 
93 95 
93 95 
93 95 
89 93 95 
89 93 
89 
89 
44 59 89 
44 59 
44 59 93 95 
44 59 93 95 
44 59 93 95 
44 59 93 95 
44 59 93 95 
89 93 95 
89 93 
89 
89 
89 

93 
93 95 
93 95 
93 95 
93 95 
89 93 95 
89 93 95 
89 
89 
89 

95 
93 95 
93 95 
93 95 
93 95 
89 93 95 
89 93 
89 93 
89 93 


93 
93 95 
57 93 95 
42 57 93 95 
42 57 93 95 
42 57 89 93 95 
42 57 89 93 
42 57 89 93 
42 57 89 
42 57 89 
89 
93 
93 95 
93 95 
93 95 
93 95 
89 93 95 
89 93 95 
89 
89 
89 


93 95 
93 95 
93 95 
93 95 
89 93 95 
89 93 
89 93 
89 



93 
93 95 
93 95 
93 95 
93 95 
89 93 95 
89 
48 64 89 
48 64 89 
48 64 89 
48 64 
48 64 93 
48 64 93 95 
48 64 93 95 
48 64 93 95 
93 95 
89 93 95 
89 95 
89 
89 
89 

93 
93 95 
93 95 
93 95 
93 95 
89 93 95 
89 93 
89 
89 
89 

93 
93 95 
93 95 
93 95 
93 95 
89 93 95 
89 93 95 
89 
89 
89 


47 63 93 95 
47 63 93 95 
47 63 93 95 
47 63 93 95 
47 63 89 93 95 
47 63 89 93 95 
47 63 89 93 
47 89 
89 

93 
93 95 
93 95 
93 95 
93 95 
93 95 
89 93 
89 
89 
89 
89 

93 
93 95 
93 95 
93 95 
89 93 95 
89 93 95 
89 93 95 
89 
89 
89 
93 
93 95 
93 95 
93 95 
93 95 
93 95 
57 95 
41 57 95 
41 57 
41 57 
41 57 
41 57 
41 57 
41 57 
41 57 




















90 91 
90 91 92 
90 91 92 
90 91 92 
90 91 92 
90 91 92 
90 91 92 
90 91 92 
90 91 92 
90 91 92 
40 91 92 
40 
40 
40 
40 
40 
40 
40 






















95 
95 
95 
95 
95 
95 
95 
95 
95 
95 
95 
63 
63 64 
59 63 64 68 92 
59 63 64 68 92 
59 63 64 68 92 
59 68 92 
59 68 92 
68 92 
92 



















87 
87 
87 
87 
87 
87 
87 
87 
87 
87 
47 
47 
47 
47 
47 
47 83 
83 
83 






























75 79 83 
63 75 79 83 
63 75 79 83 
63 75 79 83 
63 75 79 83 
63 75 79 83 
63 75 79 83 
63 75 79 83 
79 





























52 75 79 83 87 
52 75 79 83 87 
52 75 79 83 87 
52 75 79 83 87 
52 75 79 83 87 
52 75 79 80 83 87 
52 79 80 83 87 
52 79 80 
79 80 
80 
80 
80 



















85 
85 
85 
85 
85 



59 63 64 68 83 
59 63 64 68 75 79 83 87 
59 63 64 68 75 79 83 87 
59 63 64 68 75 79 83 87 
59 63 64 68 75 79 83 87 
59 63 64 68 75 79 83 87 
64 75 79 83 87 
64 75 79 87 
79 87 

80 
80 
80 














75 80 83 
75 80 83 85 
75 80 83 85 
75 80 83 85 
75 80 83 85 
75 80 85 
75 80 85 
80 85 
85 


47 
47 
47 
47 
47 
47 
47 






















41 
41 
41 
41 
41 
41 
41 
41 



56 
56 
56 
56 
56 
56 
56 
56 
56 




















88 
88 
88 
88 
88 
88 
88 
88 
88 
88 
40 55 
40 55 
40 55 79 91 
40 55 79 91 
40 55 79 91 
40 55 79 91 
40 55 79 91 
40 79 91 
79 91 
79 91 
79 91 



















88 
88 
88 
88 
88 
88 


62 66 67 71 
62 66 67 71 79 91 
62 66 67 71 79 91 
62 66 67 71 79 91 
62 66 67 71 79 91 
62 66 67 71 79 91 
62 67 79 91 
79 91 
79 91 
79 91 
79 91 



























88 
50 76 88 
50 76 88 
50 76 88 
50 76 88 
50 76 88 
50 76 88 
50 76 88 
50 76 88 
76 
76 


















86 
86 
86 
86 
86 




65 69 76 88 
60 64 65 69 76 81 88 
60 64 65 69 76 81 88 
60 64 65 69 76 81 88 
60 64 65 69 76 81 88 
60 64 65 69 76 81 88 
60 64 65 69 76 81 88 
64 76 81 88 
64 76 81 88 
88 




























74 87 
49 74 80 83 87 
49 74 80 83 87 
49 74 80 83 87 
49 74 75 80 83 87 
49 74 75 80 83 87 
49 74 75 80 83 
49 74 75 80 83 
75 
75 
75 
75 

























64 68 
59 61 64 68 
59 61 64 68 
59 61 64 68 
59 61 64 68 
59 61 64 68 
59 61 64 68 
59 64 





















86 87 
86 87 
86 87 
86 87 
86 87 
86 87 
86 87 
86 87 
86 87 
86 87 
58 86 
58 
58 
58 
58 83 
58 83 
83 
83 
83 
83 
83 


















78 
78 
78 
78 
78 
78 
78 
78 
78 
52 
52 76 
52 76 
52 76 
52 76 
52 76 
52 76 
52 76 
76 
76 


















74 76 
74 76 
74 76 
74 76 
74 76 
74 76 
74 76 
74 76 
74 76 
74 76 
76 

75 
51 61 75 
51 61 75 
51 61 75 
51 61 75 
51 61 75 
51 61 75 
51 





















78 
78 
78 
78 
78 
78 
78 

66 
61 63 66 80 
61 63 66 80 
61 63 66 80 
61 63 66 80 
61 63 66 80 
61 63 66 80 
61 63 66 80 
63 80 
80 
80 
80 
















78 
78 
78 
78 
78 
78 




44 60 81 
44 60 81 
44 60 81 82 
44 60 81 82 
44 60 81 82 
44 60 81 82 
81 82 
81 82 
81 82 
81 82 
82 

















80 
80 
80 
80 
80 
80 
80 
80 
80 
80 
50 80 
50 
50 
50 
50 
50 
50 
50 





















71 
71 
71 
71 
71 
71 
71 
71 
71 


49 
49 59 74 
49 59 74 
49 59 74 
49 59 74 
49 74 
74 75 
74 75 
74 75 
75 
75 
75 
75 














80 
80 
80 
80 
80 
80 
80 
80 
80 
80 
80 

59 61 64 68 
59 61 64 68 78 
59 61 64 68 78 
59 61 64 68 78 
59 61 64 68 78 
59 64 78 
78 




















80 
80 
80 
80 
80 
80 
80 
80 
80 
80 
42 
42 58 
42 58 74 
42 58 74 
42 58 74 
42 58 74 
58 74 
74 
74 
75 
75 
75 
75 
















71 
71 
71 
71 
71 
71 
71 
71 

48 
48 73 
48 73 
48 73 
48 73 
48 73 
48 73 
48 73 
73 
73 
73 


















54 
54 
54 






47 
47 71 
47 71 
47 71 
47 71 
47 71 
47 71 
47 71 
71 
71 
71 
71 




























63 66 68 73 74 78 80 83 
63 66 68 73 74 78 80 83 
63 66 68 73 74 78 80 83 
63 66 68 73 74 78 80 83 
63 66 68 73 74 78 80 83 
63 66 68 73 74 75 78 80 83 
63 66 68 73 74 75 78 80 83 
63 73 74 75 78 80 83 
73 74 75 78 80 83 
73 74 75 80 83 
73 74 75 



























51 66 
51 66 68 
51 66 68 
51 66 68 
66 68 
66 68 
68 































50 65 
50 65 
50 65 
50 65 
50 65 
50 65 
50 
50 






























49 64 
49 64 
49 64 
49 64 
49 64 
49 64 
49 64 
64 
64 

















92 
92 
92 
92 
90 92 
90 92 
90 92 
90 92 
90 92 
90 
88 90 
88 90 
88 
88 
57 88 
57 88 
57 88 
57 88 
57 85 88 
57 85 
57 85 
57 85 
85 
85 
85 
85 
85 
81 
81 
81 
81 
81 
81 
81 
81 
80 81 
80 
80 
80 
80 
80 
80 
80 

78 
78 
78 
78 
47 78 
47 63 78 
47 63 78 
47 63 78 
47 63 
47 63 76 
47 63 76 
76 
76 
76 
76 
76 
75 76 
75 76 
75 
75 
75 
75 


72 
72 
72 
72 
72 
72 
71 72 
71 72 
71 
71 
71 
71 
71 
70 
54 70 
54 70 
54 70 
54 70 
54 70 
54 69 70 
54 69 70 
69 
69 
69 
69 
69 
67 69 
67 69 
67 
67 
67 
67 
67 68 
67 68 
68 
68 
68 
68 
68 
71 
71 
71 
71 
71 75 
71 75 
75 
75 
75 
75 
75 
78 
66 78 
66 78 
66 78 
66 78 
66 78 
66 78 
52 66 78 
52 66 
52 
52 
52 
52 
52 
52 




































59 63 64 68 
59 63 64 68 
59 63 64 68 
59 63 64 68 
59 63 64 68 
59 63 64 68 
59 63 64 68 
64 

















71 74 78 80 83 
71 74 78 80 83 
71 74 78 80 83 
71 74 78 80 83 
71 74 75 78 80 83 
71 74 75 78 80 83 
71 74 75 78 80 83 
71 74 75 78 80 83 
71 74 75 
74 75 
75 

47 
47 
47 
47 
47 
47 
47 





















57 
57 
57 
57 
57 58 
57 58 
57 58 
57 58 
58 59 
58 59 
58 59 67 69 71 
58 59 63 67 69 71 
59 63 67 69 71 
59 63 67 69 71 
59 63 67 69 71 
63 67 69 71 
63 67 69 71 
63 67 69 71 
63 67 69 71 
63 67 
















63 
63 66 68 
63 66 68 
63 66 68 
63 66 68 
63 66 68 
63 66 68 
63 66 68 
66 68 
66 68 


52 
52 
52 
52 
52 
52 
52 
52 






























63 
59 63 64 68 
59 63 64 68 
59 63 64 68 
59 63 64 68 
59 63 64 68 
59 63 64 68 
64 68 
64 

















71 74 78 
71 74 78 80 83 
71 74 78 80 83 
71 74 78 80 83 
71 74 78 80 83 
71 74 78 80 83 
71 74 78 80 83 
71 74 78 80 83 
71 74 80 83 
71 74 



42 57 
42 57 
42 57 
42 57 
42 57 
42 57 
57 
57 





























41 56 
41 56 
41 56 
41 56 
41 56 
41 56 
41 56 
41 





















40 
40 
40 
40 
40 
40 
40 
40 
40 


55 
55 
55 
55 
55 
55 
55 
55 
55 


















83 88 91 95 
83 88 91 95 
83 88 91 95 
83 88 91 95 
83 88 91 95 
83 88 91 95 
83 88 91 95 
83 88 91 95 
83 88 91 95 
83 88 91 95 
83 88 91 95 
62 66 67 71 88 
62 66 67 71 83 91 95 
62 66 67 71 83 91 95 
62 66 67 71 83 91 95 
62 66 67 71 83 91 95 
62 66 67 71 83 91 95 
62 66 67 71 83 91 95 
62 83 91 95 
83 91 95 
83 91 95 
83 95 
















83 88 91 95 
83 88 91 95 
83 88 91 95 
83 88 91 95 
83 88 91 95 
83 88 91 95 
83 88 91 95 
83 88 91 95 
83 88 91 95 
83 88 91 95 
88 91 
52 
52 62 83 88 91 95 
52 62 83 88 91 95 
52 62 83 88 91 95 
52 62 83 88 91 95 
52 62 83 88 91 95 
52 62 83 88 91 95 
52 62 83 88 91 95 
52 62 83 88 91 95 
83 88 95 

















91 
83 88 91 95 
83 88 91 95 
83 88 91 95 
83 88 91 95 
83 88 91 95 
83 88 91 95 
83 88 91 95 
83 88 91 95 
83 88 91 95 
83 88 91 95 

61 64 67 
61 64 67 83 88 91 95 
61 64 67 83 88 91 95 
61 64 67 83 88 91 95 
61 64 67 83 88 91 95 
61 64 67 83 88 91 95 
64 67 83 88 91 95 
64 67 83 88 91 95 
64 83 88 91 95 
83 88 91 95 
















83 88 91 95 
83 88 91 95 
83 88 91 95 
83 88 91 95 
83 88 91 95 
83 88 91 95 
83 88 91 95 
83 88 91 95 
83 88 91 95 
88 91 95 


49 59 88 92 
49 59 83 88 92 95 
49 59 83 88 92 95 
49 59 83 88 91 92 95 
49 59 83 88 91 92 95 
49 59 83 88 91 92 95 
49 83 88 91 92 95 
83 88 92 
92 


















92 
83 88 92 95 
83 88 92 95 
83 88 92 95 
83 88 92 95 
83 88 92 95 
83 88 92 95 
83 88 92 95 
83 88 92 95 
83 88 95 
88 

59 64 68 92 
59 61 64 68 83 88 92 95 
59 61 64 68 83 88 92 95 
59 61 64 68 83 88 92 95 
59 61 64 68 83 88 92 95 
59 61 64 68 83 88 92 95 
59 61 64 68 83 88 92 95 
61 64 83 88 92 95 
83 88 95 
83 88 95 

















83 88 92 95 
83 88 92 95 
83 88 92 95 
83 88 92 95 
83 88 92 95 
83 88 92 95 
83 88 92 95 
83 88 92 95 
83 88 92 95 
88 

42 58 
42 58 91 98 
42 58 86 91 98 
42 58 86 91 98 
42 58 86 91 98 
42 58 86 91 98 
42 86 91 98 
86 91 98 
86 91 98 
86 91 98 
86 91 98 




83 
83 88 
83 88 
83 88 
83 88 
83 





85 97 
85 91 93 97 
85 91 93 97 
85 91 93 97 
85 91 93 97 
85 91 93 97 
85 91 93 97 
85 91 93 97 
85 91 97 
85 97 
48 85 97 
48 
48 95 
48 83 90 95 
48 83 90 95 
48 83 90 95 
48 83 90 95 
48 83 90 95 
48 83 90 95 
83 90 95 
83 90 95 
83 90 95 
















80 87 92 
80 87 92 
80 87 92 
80 87 92 
80 87 92 
80 87 92 
80 87 92 
80 87 92 
87 92 
92 


47 54 83 90 95 
47 54 83 90 95 
47 54 83 90 95 
47 54 83 90 95 
47 54 83 90 95 
47 54 83 90 95 
47 54 83 90 95 
47 83 90 95 
83 90 95 
90 95 





























59 66 68 
59 63 66 68 
59 63 66 68 
59 63 66 68 
59 63 66 68 
59 63 66 68 
59 63 66 68 
63 
63 


















85 86 90 92 95 
85 86 90 92 95 
85 86 90 92 95 
85 86 90 92 95 
85 86 90 92 95 
85 86 87 90 92 95 
85 86 87 90 92 95 
85 86 87 90 92 95 
85 86 87 90 92 95 
85 86 87 95 
85 86 87 
87 
42 
42 
42 
42 
42 
42 
42 




















74 
74 
74 
74 
74 
74 
74 
74 
74 


42 
42 58 68 70 
42 58 68 70 
42 58 68 70 
42 58 68 70 
42 58 68 70 
58 68 70 
58 68 70 
68 70 
70 



















66 70 75 
66 70 75 
66 70 75 
66 70 75 
66 70 75 
66 70 75 
66 70 75 
66 70 75 
66 70 75 
70 


47 54 
47 54 
47 54 
47 54 
47 54 
47 54 
47 54 
54 






























63 66 68 
63 66 68 
63 66 68 
63 66 68 
63 66 68 
63 66 68 
63 66 68 
63 66 68 

















44 
44 
44 
44 
44 
44 
44 
44 




59 
59 
59 
59 
59 
59 
59 
59 
59 





























43 58 
43 58 
43 58 
43 58 
43 58 
43 58 
43 58 
43 58 
43 

















81 
81 
81 
81 
81 
81 
81 
81 
81 
81 
81 
42 57 81 
42 57 84 
42 57 84 
42 57 84 
42 57 84 
42 57 84 
57 84 
84 
84 85 
85 




















88 
88 
88 
88 
88 
88 
88 
88 

61 64 66 
61 64 66 91 
61 64 66 91 
61 64 66 91 
61 64 66 91 
61 64 66 91 
61 64 66 91 
64 91 
64 91 
91 
91 
91 



























47 
47 92 
47 92 
47 92 
47 92 
47 92 
47 92 
92 
92 
92 
92 
92 


























57 63 66 
57 63 66 
57 63 66 
57 63 66 
57 63 66 
57 63 66 
57 

































43 58 81 86 89 93 
43 58 81 86 89 93 
43 58 81 86 89 93 
43 58 81 86 89 93 
43 58 81 86 89 93 
43 58 81 86 89 93 
43 58 81 86 89 93 
43 81 86 89 93 
43 81 86 93 
81 93 



















91 
91 
91 
91 
91 
91 
91 
91 
93 
58 62 65 69 93 
58 62 65 69 86 93 
58 62 65 69 81 86 93 
58 62 65 69 81 86 93 
58 62 65 69 81 86 93 
58 62 65 69 81 86 93 
62 69 81 86 93 
62 93 
93 

















79 
79 86 88 91 
79 86 88 91 
79 86 88 91 
79 86 88 91 
79 86 88 91 
79 86 88 91 
79 86 88 91 
79 86 88 91 
79 86 88 91 
64 79 91 
64 
64 
64 
64 
64 
64 
64 






























55 
55 
55 
55 
55 
55 
55 
55 
55 
55 

















49 
49 
49 
49 
49 
49 





42 
42 91 
42 91 
42 91 
42 91 
42 91 
42 91 
42 91 
42 91 
91 
91 


















92 
92 
92 
92 
92 
92 
92 
92 
92 
92 
57 63 
57 63 66 
57 63 66 
57 63 66 
57 63 66 90 
57 63 66 90 
57 63 66 90 
90 
90 



















88 90 
88 90 
88 90 
88 90 
88 90 
88 90 
88 90 
88 90 
88 90 
88 90 

47 
47 
47 
47 
47 87 
47 87 
47 87 
87 
87 
87 



















84 
84 
84 
84 
84 
84 
84 
84 
84 
84 
57 63 66 84 
57 63 66 
57 63 66 83 
57 63 66 83 
57 63 66 83 
57 63 66 83 
57 83 
83 
83 
83 




















81 
81 
81 
81 
81 
81 
81 
81 
81 
81 
40 
40 
40 80 
40 80 
40 80 
40 80 
40 80 
40 80 






























42 57 
42 57 
42 57 
42 57 
42 57 
42 57 
42 57 
57 





























43 
43 58 
43 58 
43 58 
43 58 
43 58 
43 58 
43 58 
43 





























45 60 
45 60 
45 60 
45 60 
45 60 
45 60 
45 60 
45 60 
45 60 



















51 
51 
51 
51 







44 59 83 
44 59 83 
44 59 83 
44 59 83 
44 59 83 
44 59 83 
44 59 83 
44 59 83 
83 



















87 
87 
87 
87 
87 
87 
87 



50 60 90 
50 60 90 
50 60 90 
50 60 90 
50 60 90 
50 60 90 
50 60 90 
50 90 
90 
90 


















93 
93 
93 
93 
93 
93 
93 
93 
93 
93 

94 
49 59 94 
49 59 94 
49 59 94 
49 59 94 
49 59 94 
49 59 94 
49 94 
94 
94 


















92 
92 
92 
92 
92 
92 
92 
92 
92 
92 
59 65 68 92 
59 65 68 
59 65 68 89 
59 65 68 89 
59 65 68 89 
59 65 68 89 
65 89 
89 
89 
89 
89 


















85 
85 
85 
85 
85 
85 
85 
85 
85 
59 
44 59 
44 59 83 
44 59 83 
44 59 83 
44 59 83 
44 83 
44 83 
83 
83 
83 



















82 
82 
82 
82 
82 
82 



50 
50 83 
50 83 
50 83 
50 83 
50 83 
50 83 
50 83 
83 
83 
83 















86 
86 
86 87 
86 87 
86 87 
86 87 
86 87 
86 87 
86 87 
86 87 
87 




49 59 
49 59 
49 59 
49 59 
49 59 
49 
49 


















85 
85 
85 
85 
85 
85 
85 
85 
85 
85 
85 

59 65 68 
59 65 68 
59 65 68 
59 65 68 
59 65 68 
59 65 68 
59 65 68 
65 


















85 
85 
85 
85 
85 
85 
85 
85 
85 
85 

64 86 
54 58 64 86 
54 58 64 86 
54 58 64 86 87 
54 58 64 86 87 
54 58 64 86 87 
54 58 64 86 87 
54 58 64 86 87 
87 
87 
87 
87 















87 
87 
87 
87 
87 
87 
87 
87 
87 




87 
87 
87 
87 
87 
87 
87 
87 
87 















87 
87 
87 
87 
87 
87 
87 
87 
87 





87 
87 
87 
87 
87 
87 
87 
87 
87 
87 
















85 
85 
85 
85 
85 
85 
85 
85 
85 
85 




























78 
78 
78 
78 
78 
78 79 
78 79 
78 79 
79 
79 
79 
79 80 
79 80 
80 
54 58 64 80 
54 58 64 80 81 
54 58 64 80 81 
54 58 64 80 81 
54 58 64 80 81 
58 64 81 
64 81 
81 
81 
81 















81 
81 
81 
81 
81 
81 
81 
81 
81 
81 


81 
81 
81 
81 
81 
81 
81 
81 
81 
81 
















81 
81 
81 
81 
81 
81 
81 
81 
81 
81 



81 
81 
81 
81 
81 
81 
81 
81 
81 
81 
















79 
79 
79 
79 
79 
79 
79 
79 
79 
79 
79 


72 
72 
72 
72 
72 
72 
72 
72 
72 
















70 
70 
70 
70 
70 
70 
70 
70 



47 
47 63 72 
47 63 72 73 
47 63 72 73 
47 63 72 73 
47 63 72 73 
63 72 73 
72 73 
72 73 
72 73 
73 




























54 
54 83 
54 83 
54 83 
54 83 
54 83 
54 83 
54 83 
83 
83 
83 
83 
83 















80 
80 
80 
80 
80 
80 
80 




53 63 71 83 
53 63 71 83 
53 63 71 83 
53 63 71 83 
53 63 71 83 
53 63 71 83 
53 63 71 83 
71 83 
71 83 
71 




























52 
52 62 74 79 
52 62 74 79 
52 62 74 79 
52 62 74 79 
52 62 74 79 
52 62 74 79 
62 74 79 
74 79 
74 79 
74 79 



























51 61 71 74 83 
51 61 71 74 83 
51 61 71 74 83 
51 61 71 74 83 
51 61 71 74 83 
51 61 71 74 83 
71 74 75 83 
71 74 75 83 
71 74 75 83 
74 75 83 
75 
75 
75 


























58 
58 80 
58 80 
58 80 
58 80 
58 80 
58 80 
80 
80 
80 


















71 76 83 
71 76 83 
71 76 83 
71 76 83 
71 76 83 
71 76 83 
71 76 83 
71 76 83 
71 76 83 
71 76 83 

50 60 
50 60 
50 60 
50 60 
50 60 
50 60 
50 60 
50 






























57 
57 
57 
57 
57 
57 
57 
57 
57 












94 
94 
94 
94 
94 
94 95 
94 95 
94 95 
95 
94 
94 
94 
94 
94 
94 
93 94 
49 59 93 
49 59 93 
49 59 93 
49 59 93 
49 59 92 93 
49 59 92 93 
92 93 
92 93 
92 
92 
92 
92 



91 
91 
91 
91 
91 
91 
91 
91 
91 
91 

89 
89 
89 
89 
89 
89 
89 
89 
89 
87 
87 
87 
65 87 
59 65 68 87 
59 65 68 87 
59 65 68 87 
59 65 68 87 
59 65 68 
83 
83 
83 
83 
83 
83 
83 
83 
82 83 
82 
82 
82 
82 
82 
80 82 
80 
80 
80 
80 
80 
80 
79 
79 
79 
79 
79 
79 
79 
79 
79 
79 
80 
80 
80 
80 
80 
80 
80 
80 
80 
80 

82 
82 
82 
82 
82 
82 
82 
82 
82 
80 82 
80 
80 
80 
80 
80 
79 80 
79 80 
79 
79 
75 79 
75 79 
75 79 
75 79 
75 
75 

71 
71 
71 
71 
71 
71 
71 
70 71 
70 
70 
70 
70 
70 
70 
69 70 
69 
69 
69 
69 
68 69 
68 69 
68 69 
68 
68 
68 
68 
67 
67 
67 
67 
67 
67 
66 67 
66 67 
66 
66 
65 66 
65 66 
65 66 
65 66 
65 
65 
49 59 65 
49 59 65 
49 59 64 
49 59 64 
49 59 64 
49 59 64 
64 
64 
64 
64 
64 
64 
64 


























56 68 
56 68 
56 68 
56 68 
56 68 
56 68 
56 68 
56 68 
68 

















72 
72 
72 
72 
72 
72 
72 
72 
72 
72 
72 


50 
50 
50 
50 
50 
50 
50 
50 
50 

















76 
76 
76 
76 
76 
76 
76 
76 
76 
76 
76 

60 
60 
60 
60 
60 
60 
60 
60 
60 


















68 74 80 
68 74 75 80 
68 74 75 80 
68 74 75 80 
68 74 75 80 
68 74 75 80 
68 74 75 80 
68 74 75 80 
68 74 75 80 
68 74 75 80 
68 74 


49 59 
49 59 
49 59 
49 59 
49 59 
49 59 































59 68 73 79 85 
59 61 64 68 73 79 80 85 
59 61 64 68 73 78 79 80 85 
59 61 64 68 73 78 79 80 85 
59 61 64 68 73 78 79 80 85 
59 61 64 68 73 78 79 80 85 
64 73 78 79 80 85 
64 73 78 79 80 85 
64 73 78 79 80 85 
73 78 79 85 
73 79 




























49 74 86 
49 74 78 80 86 
49 74 78 80 86 
49 74 78 80 86 
49 74 78 80 86 
49 74 78 80 86 
74 78 80 86 
74 80 86 




















78 83 
78 80 83 
78 80 83 
78 80 
78 80 
80 




64 68 73 78 80 85 
59 61 64 68 73 78 80 85 
59 61 64 68 73 78 80 85 
59 61 64 68 73 78 80 85 
59 61 64 68 73 78 80 85 
59 61 64 68 73 78 80 85 
61 64 68 73 78 80 85 
64 73 85 
73 85 






























58 71 80 83 
42 58 71 78 80 83 
42 58 71 78 80 83 
42 58 71 78 80 83 
42 58 71 78 80 83 
42 58 71 78 80 83 
42 58 71 78 80 83 
42 71 78 80 83 
78 




























63 64 
63 64 
63 64 
63 64 
63 64 
63 64 
63 64 
63 64 
63 64 
63 64 
63 64 




























62 
62 
62 
62 
62 
62 
62 
62 
62 























60 
60 
60 
60 
60 
60 61 
60 61 
60 61 
61 
61 
61 
61 
61 





















79 87 
79 87 
79 87 
79 80 87 
79 80 87 
79 80 87 
79 80 87 
79 80 87 
79 80 87 
79 80 87 
79 80 
59 79 80 
59 80 
59 
59 
59 
59 






















83 
83 
83 
83 
83 
83 
83 
83 
83 
83 
57 83 
57 
57 
57 
57 
57 
57 
57 





















80 
80 
80 
80 
80 
80 
80 


71 76 83 
56 71 76 83 
56 71 76 83 
56 71 76 83 
56 71 76 83 
56 71 76 83 
56 71 76 83 
56 71 76 83 
71 76 83 
71 





























50 
50 71 80 
50 71 80 
50 71 80 
50 71 80 
50 71 80 
50 71 80 
50 71 80 
71 80 
80 




























71 76 83 
49 59 71 76 83 
49 59 71 76 83 
49 59 71 76 83 
49 59 71 76 83 
49 59 71 76 83 
49 59 71 76 83 
49 59 71 76 83 
71 76 83 
76 





























43 
43 
43 
43 
43 
43 
43 
43 
43 
43 
















49 
49 
49 
49 
49 
49 
49 
49 



42 
42 
42 
42 
42 
42 
42 
42 
42 
42 



















83 
83 
83 
83 
83 
83 
83 
83 
83 
83 
83 
48 83 
48 58 
48 58 86 
48 58 86 
48 58 86 
48 58 86 
48 58 86 87 
48 58 86 87 
48 58 86 87 
86 87 
86 87 
87 
87 
87 













54 90 
54 90 
54 90 
54 90 
54 90 
54 90 
54 90 
54 90 
90 
90 
90 
47 
47 
47 
47 
47 
47 
47 
47 
47 




















90 
90 
90 
90 
90 
90 
90 
90 
90 
90 
66 68 90 
59 63 66 68 92 
59 63 66 68 92 
59 63 66 68 92 
59 63 66 68 92 
59 63 66 68 92 
59 63 66 68 92 
63 92 
92 
92 
















83 86 90 95 
83 86 90 95 
83 86 90 95 
83 86 90 95 
83 86 90 95 
83 86 90 95 
83 86 90 95 
83 86 90 95 
83 86 90 95 
86 95 


52 62 
52 62 82 94 
52 62 82 86 90 94 
52 62 82 86 90 94 
52 62 82 86 90 94 
52 62 82 86 90 94 
52 62 82 86 94 
52 82 86 94 
82 94 





























62 68 71 78 86 90 
62 68 71 78 86 90 
62 68 71 78 86 90 
62 68 71 78 86 90 
62 68 71 78 86 90 
62 68 71 78 86 90 
62 68 71 78 86 90 
62 78 86 90 
78 86 90 
78 86 





























51 86 
51 61 80 86 92 
51 61 80 86 92 
51 61 80 86 92 
51 61 80 86 92 
51 61 80 86 87 92 
51 80 86 87 92 
80 86 92 
80 86 92 
80 86 92 





























61 66 75 82 87 
61 63 66 75 82 87 
61 63 66 75 82 87 
61 63 66 75 82 87 
61 63 66 75 82 87 
61 63 66 75 82 87 
63 66 75 82 87 
63 75 82 


















78 81 84 90 
78 81 84 90 
78 81 84 90 
78 81 84 90 
78 81 84 90 
78 81 84 90 
78 81 84 90 
78 81 84 90 
78 81 84 90 
81 
44 
44 60 
44 60 
44 60 
44 60 























81 
75 81 82 87 
75 81 82 87 
75 81 82 87 
75 81 82 87 
75 81 82 87 
75 81 82 87 
75 81 82 87 
75 81 82 87 
75 

50 
50 
50 
50 
50 
50 




















74 
71 74 78 80 83 
71 74 78 80 83 
71 74 78 80 83 
71 74 75 78 80 83 
71 74 75 78 80 83 
71 74 75 78 80 83 
71 74 75 78 80 83 
71 74 75 80 83 
74 75 
75 

49 
49 59 
49 59 
49 59 
49 59 
49 59 
59 
































59 65 68 
59 65 68 
59 65 68 
59 65 68 
59 65 68 
59 65 68 
59 65 68 




















75 76 80 85 
75 76 80 85 
75 76 80 85 
75 76 80 85 
75 76 80 85 
75 76 80 85 
75 76 77 80 85 
75 76 77 80 85 
75 76 77 
76 

51 66 
51 59 66 
51 59 66 
51 59 66 
51 59 66 
51 59 66 
59 































50 60 
50 60 
50 60 
50 60 
50 60 
50 60 
50 60 
50 60 
50 60 


















56 
56 
56 
56 
56 
56 
56 





49 59 
49 59 
49 59 
49 59 
49 59 
49 59 
49 59 
49 59 



















75 79 83 87 
75 79 83 87 
75 79 83 87 
75 79 80 83 87 
75 79 80 83 87 
75 79 80 83 87 
75 79 80 83 87 
75 79 80 83 87 
75 79 80 83 
79 80 
80 
42 58 80 
42 58 
42 58 
42 58 75 87 
42 58 75 79 83 87 
42 58 75 79 83 87 
42 58 75 79 83 87 
75 79 83 87 
75 79 83 87 
75 79 80 83 87 
79 80 83 87 
79 80 
79 80 
79 80 
80 
80 









79 
75 79 83 87 
75 79 80 83 87 
75 79 80 83 87 
75 79 80 83 87 
75 79 80 83 87 
75 79 80 83 87 
75 79 80 83 87 
75 79 80 83 87 
75 79 80 
80 
80 
41 56 
41 56 
41 56 75 79 83 87 
41 56 75 79 83 87 
41 56 75 79 83 87 
41 56 75 79 83 87 
41 56 75 79 83 87 
75 79 80 83 87 
75 79 80 83 87 
79 80 
79 80 
79 80 
80 
80 











75 79 83 87 
75 79 83 87 
75 79 80 83 87 
75 79 80 83 87 
75 79 80 83 87 
75 79 80 83 87 
75 79 80 83 87 
75 79 80 83 87 
79 80 83 87 
79 80 
80 
80 
39 54 
39 54 
39 54 87 
39 54 75 79 83 87 
39 54 75 79 83 87 
39 54 75 79 83 87 
39 54 75 79 80 83 87 
75 79 80 83 87 
75 79 80 83 87 
75 79 80 83 
79 80 83 
79 80 
79 80 
80 
80 












75 79 83 87 
75 79 83 87 
75 79 83 87 
75 79 83 87 
75 79 80 83 87 
75 79 80 83 87 
75 79 80 83 87 
75 79 80 83 87 
75 79 80 
79 80 
80 
80 

40 55 
40 55 
40 55 76 79 83 88 
40 55 76 79 83 88 
40 55 76 79 82 83 88 
40 55 76 79 82 88 
40 55 76 79 88 
40 55 76 79 88 
40 55 76 79 88 
76 79 


















76 79 83 
76 79 83 88 
76 79 83 88 
76 79 83 88 
76 79 83 88 
76 79 83 88 
76 79 83 88 
76 79 83 88 
76 79 88 
88 


62 67 71 
62 64 67 71 
62 64 67 71 
62 64 67 71 
62 64 67 71 
62 64 67 71 
62 64 67 
64 67 
64 




















73 76 79 85 
73 76 79 85 
73 76 79 85 
73 76 79 85 
73 76 79 85 
73 76 79 85 
73 76 79 85 
73 76 79 85 
73 76 79 85 
76 79 

52 61 
52 61 
52 61 
52 61 
52 61 
52 61 
52 
52 

































62 64 67 71 
62 64 67 71 
62 64 67 71 
62 64 67 71 
62 64 67 71 
62 64 67 71 
62 64 67 71 
62 64 67 71 














91 
91 
91 
91 93 
91 93 
91 93 
93 
93 
93 
93 
93 

64 90 
54 64 90 
54 64 90 
54 64 90 
54 64 90 
54 64 90 
54 64 88 90 
88 
88 
88 
88 
88 
86 88 
86 88 
86 88 
86 
84 86 
84 86 
84 86 
84 
84 
82 84 
82 84 
82 84 
82 
82 
82 
81 82 
81 
81 
81 
81 
81 
79 81 
79 81 
79 
79 
78 79 
78 79 
77 78 79 
58 77 78 79 
58 77 
58 76 77 
58 76 77 
58 76 77 
58 76 
58 76 
76 
74 76 
74 76 
74 
74 
72 74 
72 74 
72 74 
72 
72 
70 72 
70 72 
70 72 
70 
70 
70 
69 70 
69 
69 
69 
69 
67 69 
67 69 
67 
67 
67 
66 67 
66 67 
66 
66 
60 66 
60 65 66 
60 65 66 
60 65 
60 65 
60 65 
60 65 
60 65 
64 
64 
64 
64 
64 
63 64 
63 64 
63 
63 



62 
62 
62 
62 
62 
62 
61 62 
61 
61 
61 
61 
61 
61 
60 
57 60 
57 60 
57 60 
57 60 
57 59 60 
57 59 60 
57 59 60 
57 59 
57 59 
59 
59 
58 
58 
58 
58 
58 
58 
58 
57 58 
57 
57 
57 
57 
56 57 
56 57 
56 57 
56 
56 
46 56 
46 55 56 
46 55 56 
46 55 
46 55 
46 55 
46 55 
55 
55 
55 
54 
54 
39 54 
39 54 
39 54 
39 54 
39 54 
39 54 
39 54 
39 
39 































51 
51 
51 
51 
51 
51 
51 
63 
63 
63 
63 
63 
63 
63 66 
66 
66 70 
66 70 
66 70 
66 70 
66 70 
66 70 
70 73 
73 
73 
73 
73 
73 
70 73 
70 73 
70 
70 
70 
70 
70 71 
70 71 
70 71 
71 
71 77 
71 77 
77 
77 
77 
60 77 
60 77 
60 77 
60 77 78 
60 77 78 
60 
60 82 
82 
82 
82 
82 
75 82 85 
75 82 85 
75 82 85 
75 82 85 
75 85 
75 85 
75 85 
75 85 
75 85 
75 85 
75 















44 
44 
44 
44 
44 
44 
44 
44 
44 






















56 
56 
56 
56 
56 
56 



49 59 
49 59 
49 59 95 
49 59 95 
49 59 95 
49 59 95 97 
49 59 95 97 
59 95 97 
95 97 
95 97 
95 97 
95 97 
97 



92 
92 
92 
90 92 
90 92 
90 92 
90 92 
90 
90 
90 
88 90 
88 
88 
87 88 
87 88 
87 88 
87 88 
87 
86 87 
86 
86 
68 86 
59 63 64 68 86 
59 63 64 68 86 
59 63 64 68 85 86 
59 63 64 68 85 86 
59 63 64 68 85 
63 64 68 85 
63 64 85 
64 84 85 
64 84 85 
84 85 
84 
84 
84 
84 
84 
84 93 
84 93 
93 
93 
93 
93 
93 
93 
93 
93 
93 
91 
91 
91 
91 
91 
88 91 
88 
88 
88 
86 88 
86 88 
86 88 
86 
64 82 86 
54 64 82 86 
54 64 82 86 
54 64 82 86 
54 64 82 
54 64 82 
54 64 82 
54 81 82 
81 
81 
81 
81 
79 81 
79 81 
79 
79 
77 79 
77 79 
77 79 
77 
77 
77 
76 77 
76 
76 
76 
76 
74 76 
74 76 
74 76 
74 
72 74 
72 74 
72 
72 
72 
70 72 
70 72 
58 70 72 
58 70 
58 70 
58 70 
58 69 70 
58 69 70 
58 69 
58 69 
58 69 
69 
67 69 
67 69 
67 
67 
66 67 
66 67 
66 67 
66 67 
66 
66 
66 
66 
64 
64 
64 
64 
64 
64 
61 64 
61 
61 
61 
61 
61 
62 
62 
54 62 
47 54 62 
47 54 62 
47 54 62 63 
47 54 62 63 
47 54 62 63 
47 54 62 63 
47 63 
63 
63 
63 
63 




























63 66 68 
63 66 68 
63 66 68 
63 66 68 
63 66 68 
63 66 68 
63 66 68 
63 66 68 
63 66 




78 
78 
78 
78 
78 
78 
78 
78 
78 
78 
78 

80 
80 
80 
80 
80 
80 
80 
80 
80 
80 


52 62 
52 62 83 
52 62 83 
52 62 83 
52 62 83 
52 62 83 
52 62 83 
52 62 83 
52 83 
83 
83 
83 



80 
80 
80 
80 
80 






83 
83 
83 
83 
83 
83 
83 
83 
83 
83 



62 68 
62 68 82 
62 68 82 
62 68 82 
62 68 82 
62 68 82 
62 68 82 
62 68 82 
82 
82 
82 
















78 
78 
78 
78 
78 
78 
78 
78 
78 
78 
78 

51 61 
51 61 75 
51 61 75 
51 61 75 
51 61 75 
51 75 
51 75 































61 63 66 
61 63 66 
61 63 66 
61 63 66 
61 63 66 
61 63 66 
63 66 
63 66 



















78 
78 
78 
78 
78 
78 
78 
78 
78 



44 60 
44 60 79 
44 60 79 
44 60 79 81 
44 60 79 81 
44 60 79 81 
44 60 79 81 
79 81 
79 81 
81 
81 
81 82 
82 
82 















81 
81 
81 
81 
81 
81 
81 
81 
81 
81 
60 66 81 
60 66 
60 66 
60 66 80 
60 66 80 
60 66 80 
80 
80 
80 
80 
80 
80 
















79 
79 
79 
79 
79 
79 
79 
79 
79 
79 
49 59 79 
49 59 79 
49 59 82 
49 59 82 
49 59 82 
49 82 
49 82 
82 
82 
82 


















71 
71 
71 
71 
71 
71 
71 
71 
71 

59 65 
59 65 
59 65 
59 65 
59 65 
59 65 
59 65 
65 



















71 75 79 82 
71 75 79 82 
71 75 79 82 
71 75 79 82 
71 75 79 82 
71 75 79 82 
71 75 79 82 
71 75 79 82 
71 75 79 82 
71 75 79 
44 
44 
44 
44 
44 
44 
44 
44 











60 
60 
60 
60 
60 
60 















50 60 
50 60 
50 60 
50 60 
50 60 
50 60 
50 60 
50 60 
50 60 
60 

















76 
76 
56 76 
56 76 
56 76 
56 76 
56 76 
56 76 
56 76 
76 
76 
49 80 
49 59 80 
49 59 80 
49 59 80 
49 59 80 
49 59 80 
49 59 80 
80 




















83 
83 
83 
83 
83 
83 
83 

65 68 
59 65 68 74 
59 65 68 74 80 
59 65 68 74 80 86 
59 65 68 74 80 86 87 
59 65 68 74 80 86 87 
59 65 68 74 80 86 87 
59 65 74 80 86 87 
74 80 86 87 
74 87 
75 
75 
75 
75 
75 

























44 75 80 83 
44 75 80 83 
44 75 80 83 
44 75 80 83 
44 75 80 83 
44 75 80 83 
44 75 80 83 
44 75 80 83 
80 




















44 
44 
44 
44 
44 
44 
44 
44 
44 


60 
60 
60 
60 
60 
60 
60 
60 
60 
60 


















79 
79 
79 
79 
79 
79 
79 
79 
79 
79 
49 59 79 
49 59 79 
49 59 
49 59 80 
49 59 80 
49 59 80 
49 59 80 
80 
80 
80 
80 
80 


















83 
83 
83 
83 
83 



59 61 64 68 
59 61 64 68 
59 61 64 68 86 
59 61 64 68 86 
59 61 64 68 86 
59 61 64 68 86 
64 86 
64 86 
86 
86 




























49 75 83 87 
49 59 75 80 83 87 
49 59 75 80 83 87 
49 59 75 80 83 87 
49 59 75 80 83 87 
49 75 80 83 87 
75 80 
80 































59 61 64 68 83 
59 61 64 68 83 
59 61 64 68 83 
59 61 64 68 83 
59 61 64 68 83 
61 64 83 
64 83 






















86 
86 
86 
86 
86 
86 
86 
86 

42 58 
42 58 
42 58 87 
42 58 87 
42 58 87 
42 58 87 
42 87 
87 
87 
87 



















92 
92 
92 
92 
92 
92 
92 
92 
92 
48 92 
48 64 
48 64 
48 64 90 
48 64 90 
48 64 90 
48 64 90 
90 
90 
90 
90 
















92 
92 
92 
92 
92 
92 
92 
92 
92 



58 86 
58 86 
58 86 
58 86 
58 86 
58 86 
86 
86 
87 
87 
87 
87 
87 













83 
83 
83 
83 
83 
83 
83 
83 
83 
83 

80 
80 
80 
80 
80 
80 
80 
80 

















76 
53 76 82 
53 54 76 82 
53 54 76 82 
53 54 76 82 
53 54 76 82 
53 54 76 82 
53 54 76 82 
53 54 76 82 
54 76 




47 75 
47 75 80 83 
47 75 80 83 
47 75 80 83 
47 75 80 83 
47 75 80 83 
47 80 83 
80 





























54 75 
54 75 78 
54 75 78 
54 75 78 
54 75 78 
54 75 78 
54 75 78 
54 75 78 
75 78 
78 
78 
















47 
47 
47 
47 
47 
47 





56 
56 74 77 83 
56 74 77 83 
56 74 77 83 
56 74 77 83 
56 74 77 83 
56 74 77 83 
74 77 83 
74 





























55 
55 73 76 83 
55 73 76 83 
55 73 76 83 
55 73 76 83 
55 73 76 83 
55 73 76 83 
55 73 76 83 
76 83 
76 































54 71 74 78 
54 71 74 78 80 83 
54 71 74 78 80 83 
54 71 74 78 80 83 
54 71 74 78 80 83 
54 71 74 78 80 83 
54 71 74 75 78 80 83 
71 74 75 80 83 
74 75 80 83 
75 
75 
75 


























59 
59 
59 
59 
59 
59 
59 
59 
59 


















51 
51 
51 
51 
51 
51 






44 
44 
44 
44 
44 
44 
44 
44 
44 





























43 58 
43 58 
43 58 
43 58 
43 58 
43 58 
43 58 
43 58 
43 



















42 
42 
42 
42 
42 
42 
42 
42 



57 
57 
57 
57 
57 
57 
57 
57 
57 
57 


















85 
85 
85 
85 
85 
85 
85 
85 
85 


87 
57 61 64 68 87 
57 61 64 68 87 
57 61 64 68 87 
57 61 64 68 87 
57 61 64 68 87 
57 64 87 
57 64 87 
64 


















92 
92 
92 
92 
92 
92 
92 
92 
92 
92 

47 
47 63 90 
47 57 63 90 
47 57 63 90 
47 57 63 90 
47 57 63 90 
47 57 63 90 
57 90 
57 90 
90 



























54 
54 87 
54 87 
54 87 
54 87 
54 87 
54 87 
54 87 
54 87 
87 





























64 
64 73 
64 73 
64 73 
64 73 
64 73 
64 73 
64 73 
64 73 
64 73 
73 

















74 
74 
74 
74 
74 
74 
74 
74 


61 75 
61 75 
61 75 
61 75 
61 75 
61 75 
61 75 
75 




















80 
80 
80 
80 
80 
80 
80 
80 
80 
80 

57 
57 63 78 
57 63 78 
57 63 78 
57 63 78 
57 63 78 
57 63 78 
57 78 
78 
78 




























47 
47 71 
47 71 
47 71 
47 71 
47 71 
47 71 
47 71 
71 
71 
71 





















52 
52 
52 
52 
52 73 
52 73 
52 73 
52 63 73 80 
63 73 80 
63 73 80 
63 80 85 
63 80 85 
63 80 85 
63 80 85 
63 80 85 
85 
85 
85 
85 




















































55 
55 79 
55 79 
55 79 
55 79 
55 79 
55 79 
55 79 
55 79 
79 
79 
79 

80 
56 80 
56 80 
56 80 
56 80 
56 80 







83 
59 83 
59 83 
59 83 
59 83 






63 
63 87 
63 87 
63 87 
63 87 
63 87 
63 87 






66 78 90 
66 78 90 
66 78 90 
66 78 90 
66 78 90 
66 78 90 
66 78 90 
66 78 90 
78 90 
78 


















63 87 
63 87 
63 87 
63 87 
63 87 





66 
66 90 
66 90 
66 90 
66 90 
66 90 
66 90 
66 90 
90 
90 
90 
90 



























63 
63 87 
63 87 
63 87 
63 87 
63 87 
63 87 
63 87 
87 


















59 83 
59 83 
59 83 
59 83 
59 83 
59 83 
59 83 
59 83 
83 






























63 67 68 
63 67 68 
63 67 68 
63 67 68 
63 67 68 
63 67 68 
63 67 68 
63 67 68 
63 67 68 
67 





























44 
44 
44 
44 
44 
44 
44 





59 63 66 70 
59 63 66 70 
59 63 66 70 
59 63 66 70 
59 63 66 70 
59 63 66 70 
59 63 66 70 
59 63 66 70 
63 66 70 





























73 
73 
73 
73 
73 
73 
73 
73 
73 
73 

















75 
75 
75 
75 
75 
75 
75 



76 
73 76 82 
73 76 82 
73 76 82 
73 76 82 
73 76 82 
73 76 82 
73 76 82 
73 76 82 
73 76 77 82 
77 
77 
77 
77 
77 
77 












71 75 80 
71 75 80 
71 75 80 
71 75 80 
71 75 80 
71 75 80 
71 75 80 
71 75 80 
71 75 80 
80 































50 
50 
50 
50 
50 
50 




76 
60 65 69 76 
60 65 69 76 
60 65 69 76 
60 65 69 76 
60 65 69 76 
60 65 69 76 
65 69 76 
69 76 
69 



















74 
74 
74 
74 
74 
74 




76 
76 
76 
76 
76 
76 
76 
76 
76 















65 74 
55 59 65 69 74 
55 59 65 69 74 
55 59 65 69 74 
55 59 65 69 74 
55 59 65 69 74 
55 65 69 74 
65 69 74 
65 69 74 
69 









































48 63 
48 63 
48 63 
48 63 
48 63 
48 63 
48 63 
63 
















64 
49 64 
49 64 
49 64 
49 64 
49 64 
49 64 
64 
64 





























52 
52 
52 68 
52 68 
52 68 
52 68 
52 68 
52 68 





56 71 
56 71 
56 71 
56 71 
56 71 
56 71 
56 71 



















64 75 
59 64 68 71 75 
59 64 68 71 75 
59 64 68 71 75 
59 64 68 71 75 
59 64 68 71 75 
59 64 68 71 75 
64 68 71 
71 





























64 
56 64 68 73 
56 64 68 73 
56 64 68 73 
56 64 68 73 
56 64 68 73 
56 64 68 73 
56 64 68 































54 
54 69 
54 69 
54 69 
54 69 
54 69 
54 69 
54 69 
69 
69 
69 

55 
55 
55 70 
55 70 
55 70 
55 70 
55 70 
55 70 
55 70 





74 
58 74 
58 74 
58 74 
58 74 
58 
58 







62 
62 77 
62 77 
62 77 
62 77 
62 77 
62 77 
62 77 





65 70 74 81 
65 70 74 81 
65 70 74 81 
65 70 74 81 
65 70 74 81 
65 70 74 81 
65 70 74 81 
74 81 
81 

















74 79 
70 74 79 
70 74 79 
70 74 79 
70 74 79 
70 74 79 
70 74 79 
70 74 79 
70 74 79 
70 





























48 64 
48 64 
48 64 
48 64 
48 64 
48 64 
48 64 
48 64 
48 64 
48 






























78 
78 
78 
78 
78 
78 
78 
78 
78 
78 
78 
63 78 
47 63 80 
47 63 80 
47 63 80 
47 63 80 
47 63 80 
47 80 
80 
80 
80 





























83 
83 
83 
83 
83 
83 
83 
83 
83 
83 
83 


























81 
81 82 
81 82 
81 82 
81 82 
81 82 
81 82 
81 82 
81 82 
81 82 
81 82 














81 
81 
81 
81 
81 
80 
80 
80 
80 
80 
79 80 
79 80 
79 
78 79 
78 79 
78 79 
78 79 
78 79 
78 79 
78 
78 
78 






























79 
44 59 71 79 
44 59 71 79 
44 59 71 79 80 
44 59 71 79 80 
44 59 71 79 80 
44 59 71 79 80 
71 79 80 
71 79 80 
71 79 80 
71 80 
80 



























75 
75 
75 
75 
75 
75 
75 
75 


















78 
70 78 
70 78 
70 78 
70 78 
70 78 
70 78 
70 78 
70 78 
70 78 
70 


























42 57 
42 57 75 
42 57 75 
42 57 75 
42 57 75 
42 57 75 
42 57 75 
57 75 
75 
75 
75 



























69 
69 
69 
69 
69 
69 
69 
69 



52 59 68 71 
52 59 63 68 71 
52 59 63 68 71 
52 59 63 68 71 
52 59 63 68 71 
52 68 71 
52 68 71 
71 


















69 
69 73 
69 73 
69 73 
69 73 
69 73 
69 73 
69 
69 


71 
68 71 
68 71 
68 71 
68 71 
68 71 
68 71 
71 

































69 73 
69 73 
69 73 
69 73 
69 70 73 
69 70 73 
69 70 73 
69 70 
70 
70 
70 
70 


























56 
56 
56 
56 
56 
56 
56 
56 
































52 63 
52 63 71 78 
52 63 71 78 
52 63 71 78 
52 63 71 78 
52 63 71 78 
52 71 78 
71 78 
71 78 




















76 
76 
76 
76 
76 
76 




78 
78 
78 
78 
78 
78 
78 
78 
78 

















75 
75 
75 
75 
75 
75 
75 
75 






























53 63 67 71 
53 63 67 71 
53 63 67 71 
53 63 67 71 
53 63 67 71 
53 63 67 71 
53 63 67 71 

































52 
52 
52 
52 
52 
52 
52 



62 67 71 
62 67 71 
62 67 71 
62 67 71 
62 67 71 
62 67 71 
67 71 
71 




















73 
73 
73 
73 
73 
73 






74 
74 
74 
74 
74 
74 
74 
74 
74 















71 
62 67 71 
62 67 71 
62 67 71 
62 67 71 
62 67 71 
62 67 71 
62 67 71 
62 67 71 









































































51 
51 
51 
51 
51 



65 66 70 77 
65 66 70 77 
65 66 70 77 
65 66 70 77 
65 66 70 77 
65 66 70 77 
65 66 70 77 
65 66 70 77 
70 77 





















75 
75 
75 
75 






77 
77 
77 
77 
77 
77 
77 
77 
77 
















63 66 70 
63 66 70 
63 66 70 
63 66 70 
63 66 70 
63 66 70 
63 66 70 
66 70 
66 70 
70 






































58 
58 
58 
58 
58 
58 
58 
58 
58 


















69 76 
50 64 65 69 76 
50 64 65 69 76 
50 64 65 69 76 
50 64 65 69 76 
50 64 65 69 76 
50 64 65 69 76 
50 64 65 69 76 
50 64 65 69 76 
50 64 65 69 76 





























65 69 76 
64 65 69 76 
64 65 69 76 
64 65 69 76 
64 65 69 76 
64 65 69 76 
64 65 69 76 
64 65 69 76 
64 65 69 76 
64 65 69 76 
69 



























62 
62 74 
62 74 
62 74 
62 74 
62 74 
62 74 
74 
74 
74 
74 
65 76 
64 65 69 76 
64 65 69 76 
64 65 69 76 
64 65 69 76 
64 65 69 76 
64 65 69 76 
64 65 69 76 
64 65 69 76 
64 69 76 
64 69 




























62 65 69 74 
62 65 69 74 
62 65 69 74 
62 65 69 74 
62 65 69 74 
62 65 69 74 
62 65 69 74 
62 65 69 74 
65 69 74 
69 




























59 65 69 75 
49 59 65 69 75 
49 59 65 69 70 75 
49 59 65 69 70 75 
49 59 65 69 70 75 
49 59 65 69 70 75 
49 59 65 69 70 75 
65 69 70 75 
65 69 70 75 
69 70 
70 






















































65 70 73 
49 59 65 70 73 
49 59 65 70 73 
49 59 65 70 73 
49 59 65 70 73 
49 59 65 70 73 
49 59 65 70 73 
49 59 65 70 73 
59 65 70 73 
70 





























56 
56 
56 
56 
56 
56 
56 
56 
56 
56 
56 



























44 75 80 
44 75 80 
44 75 80 
44 75 80 
44 75 80 
44 75 80 
44 75 80 
44 75 80 
44 75 80 
75 80 
80 



76 83 
76 83 
76 83 
76 83 
76 83 
76 83 
76 
76 
76 


















39 
39 
39 
39 
39 
39 
39 
39 


74 80 
74 80 83 
74 80 83 
74 80 83 
74 80 83 
74 80 83 
74 80 83 
74 83 
74 75 
75 
75 
75 
75 
75 













40 
40 
40 
40 
40 
40 
40 
40 
40 





71 80 
71 80 
71 80 
71 80 
71 80 
71 80 
71 80 
80 

















41 
41 
41 
41 
41 
41 
41 
41 




71 76 80 83 
71 76 80 83 
71 76 80 83 
71 76 80 83 
71 76 80 83 
71 76 77 80 83 
71 76 77 80 83 
71 76 77 80 83 
76 77 
77 
77 
77 
















40 
40 
40 
40 
40 
40 
40 
40 
40 
40 

42 83 
42 83 86 
42 83 86 
42 83 86 
42 83 86 
42 83 86 
42 83 86 
83 86 
86 
86 








85 
85 
83 85 
83 85 
83 85 
81 83 
81 83 
81 83 
81 
78 81 
78 81 
78 80 81 
78 80 81 
78 80 81 
78 80 81 
80 




76 80 
76 80 
76 80 
76 80 
76 80 
76 80 
76 80 
76 80 
76 80 
76 77 80 
76 77 
77 
77 
77 
77 
77 











76 80 
76 80 
76 80 
76 80 
76 80 
76 80 
76 80 
76 80 
76 80 
76 80 
76 

74 
74 
74 
74 
74 
74 
74 
74 





71 
71 
71 
71 
71 
71 
71 





69 
69 
69 
69 
69 
69 
69 
69 
69 
69 
69 


66 
66 
66 
66 
66 
66 
66 
66 














68 
42 64 68 
42 64 68 
42 64 68 
42 64 68 
42 64 68 
42 64 68 
42 64 68 
42 64 68 
42 64 
64 



62 68 
62 68 
62 68 
62 
62 
62 
62 
62 
63 
63 
63 
63 
63 
63 











39 59 
39 59 
39 59 
39 59 
39 59 
39 59 
39 59 
39 59 
39 59 
39 59 































37 
37 
37 
37 
37 
37 
37 





40 
40 64 68 
40 64 68 71 
40 64 68 71 
40 64 68 71 
40 64 68 71 
40 64 68 71 
40 64 68 71 
64 71 
71 




























41 65 68 
41 65 68 71 
41 65 68 71 
41 65 68 71 
41 65 68 71 
41 65 68 71 
41 65 68 71 
65 71 
71 






















40 
40 
40 
40 
40 
40 


42 
42 66 71 
42 66 71 
42 66 71 
42 66 71 
42 66 71 
66 71 
66 71 
66 71 
66 




















36 
36 
36 
36 





64 
43 58 64 69 
43 58 64 69 
43 58 64 69 
43 58 64 69 
43 58 64 69 
43 58 64 69 
43 64 69 
69 
















57 
35 42 57 61 65 68 
35 42 57 61 65 68 
35 42 57 61 65 68 
35 42 57 61 65 68 
35 42 57 61 65 68 
35 42 57 61 65 68 
35 42 57 61 65 68 
35 42 57 68 











































































75 
75 
75 
75 
75 
80 104 
80 81 85 97 101 104 
80 81 85 92 97 101 104 
80 81 85 92 97 101 104 
80 81 85 92 97 101 104 
80 81 85 92 97 101 104 
81 85 92 97 101 104 
81 85 92 97 101 104 
81 85 92 97 101 104 
92 97 101 
92 



























































































































39 
39 
39 
39 
39 40 
39 40 
40 41 
40 41 42 
40 41 42 
40 41 42 
41 42 
41 42 
41 42 





35 
35 
35 
35 
35 












