













































































































56 60 67 72 75 79 
56 60 63 67 72 75 79 
56 60 63 67 72 75 79 
56 60 63 67 72 75 79 
56 60 63 67 72 75 79 
60 63 67 72 75 79 
75 79 



















80 
80 
80 
79 80 
79 80 
79 80 
79 80 
75 79 80 
75 79 
75 79 
75 79 
72 75 
72 75 
72 
56 72 
56 72 
56 59 
56 59 
56 59 63 
56 59 63 66 
59 63 66 
59 63 66 
63 66 71 
66 71 
71 
71 75 
71 75 
75 78 
78 
78 
78 
83 
83 
83 
83 87 
83 87 
83 87 90 
87 90 
87 90 
87 90 95 
90 95 99 
95 99 102 
95 99 102 
95 99 102 
95 99 102 
95 99 102 107 
99 102 107 
102 107 111 
107 111 114 
107 111 114 
107 111 114 
107 111 114 
107 111 114 
111 114 
114 
114 

















37 
37 
37 
37 
37 
37 
37 59 62 
59 62 65 69 
59 62 65 69 
59 62 65 69 
59 62 65 69 
59 62 65 69 
59 62 65 69 
59 62 65 69 
69 
69 














70 
70 
70 
70 
70 
70 
70 



















74 
65 70 74 77 
65 70 74 77 
65 70 74 77 
65 70 74 77 
65 70 74 77 
65 70 74 77 
65 70 77 












78 
78 
78 
78 
78 
78 
78 

79 
79 
79 
79 
79 
79 
79 
79 
35 
35 
35 75 80 
35 75 80 
35 75 80 
75 80 
75 80 
75 80 
75 


47 
47 
47 
47 
47 54 
47 54 
54 
54 59 75 78 
54 59 75 78 
54 59 75 78 
59 75 78 
59 63 75 78 
59 63 75 78 
59 63 75 78 
63 66 70 71 75 78 
63 66 70 71 
63 66 70 71 
63 66 70 71 
66 70 71 
66 70 71 
66 70 71 
66 70 71 
71 
63 66 68 
63 66 68 
63 66 68 
63 66 68 
63 66 68 
47 63 68 
47 63 68 
47 
47 
47 
47 
56 59 63 66 68 
56 59 63 66 68 
56 59 63 66 68 
56 59 63 66 68 
56 59 63 66 68 
56 63 66 
63 




























63 66 68 71 
58 63 66 68 71 
58 63 66 68 71 
58 63 66 68 71 
58 63 66 68 71 
58 63 68 71 
71 

63 66 70 71 75 
63 66 70 71 75 
63 66 70 71 75 
63 66 70 71 75 
63 66 70 71 75 
63 70 71 75 
63 70 71 

73 75 78 
66 73 75 78 
66 73 75 78 
66 73 75 78 
73 75 78 
73 75 78 
75 







47 71 74 77 82 
47 71 74 77 82 
47 71 74 77 82 
47 71 74 77 82 
47 71 74 77 82 
47 71 





59 
59 
59 
59 62 
59 62 
59 62 65 
62 65 
62 65 68 
62 65 68 
68 
68 71 
68 71 
71 74 
71 74 77 
71 74 77 
74 77 82 
74 77 82 83 
74 77 82 83 
74 82 83 
82 83 85 86 
83 85 86 
83 85 86 
86 95 
95 
95 98 
95 98 101 
95 98 101 106 
95 98 101 106 
98 101 106 
98 101 106 
101 106 
101 106 
106 
106 

















50 
50 
50 68 
50 59 68 74 
50 59 68 74 80 
50 59 68 74 80 
59 68 74 80 
74 80 
80 
80 
66 80 
66 
66 
66 
66 
62 66 74 
62 74 
62 74 
62 
62 
59 62 71 
59 62 71 
59 71 
59 71 
59 71 
71 

62 
62 66 68 71 
62 66 68 71 
62 66 68 71 
62 66 68 
62 66 68 







59 
59 
59 


80 
80 
80 
80 
80 
49 80 
49 
49 
49 70 78 
70 73 78 
70 73 78 
54 70 73 78 
54 70 73 78 
54 78 
54 
54 58 
54 58 
58 
58 61 
58 61 
58 61 
61 66 
61 66 
61 66 
61 66 70 
61 66 70 
66 70 73 
66 70 73 
70 73 
70 73 78 
70 73 78 
70 73 78 
73 78 
66 73 78 
66 78 
66 78 
66 78 
66 78 
66 70 78 
66 70 
70 
70 
65 70 
65 
58 65 
58 65 
58 61 65 
58 61 
58 61 
58 61 68 
61 68 70 76 
61 68 70 76 
61 68 70 76 77 
68 70 76 77 
68 70 76 77 
70 76 77 82 
70 76 77 82 
76 77 82 
77 82 
77 82 
82 
82 
82 
73 
73 
73 

70 
70 
70 
64 
64 
64 
55 64 
55 64 
55 
55 58 
55 58 
55 58 
58 
58 
58 


64 
64 
64 
64 

70 
70 
70 
70 

73 
73 



76 
76 
76 
76 


56 
56 
56 59 
56 59 
56 59 63 
56 59 63 
56 59 63 
59 63 
63 68 
63 68 
63 68 
63 68 71 
68 71 
68 71 
68 71 
71 75 
71 75 
71 75 
71 75 
71 75 78 
75 78 
75 78 
75 78 
78 
78 



68 71 
68 71 
68 71 
68 71 
68 71 
68 71 
70 73 
70 73 
70 73 
73 

66 
66 
66 
66 
66 

71 
71 
71 
71 
71 
71 
71 
37 
37 59 63 68 
37 59 63 65 68 
37 59 63 65 68 
37 59 63 65 68 
37 59 63 65 68 
63 65 
49 
49 
49 
49 








49 
49 
49 















49 
49 
49 
49 
49 70 73 
70 73 
69 70 73 
69 70 73 
69 70 73 
68 69 73 
68 69 
44 68 69 73 
44 68 69 73 
44 68 69 73 
44 68 73 
44 51 68 73 
44 51 73 
51 73 
51 
51 56 
51 56 
51 56 
56 63 
56 63 
56 63 66 
63 66 
63 66 71 
56 63 66 71 
56 63 66 71 
56 59 66 71 
56 59 63 71 
56 59 63 71 
56 59 63 66 
59 63 66 
59 63 66 
59 63 66 71 
63 66 71 75 
63 66 71 75 
66 71 75 78 
71 75 78 
75 78 
75 78 83 
78 83 87 
78 83 87 
83 87 90 
83 87 90 
83 87 90 95 
87 90 95 99 
87 90 95 99 102 
95 99 102 106 
95 99 102 106 
95 99 102 106 
49 95 99 102 106 
49 95 99 102 106 
49 95 99 106 
49 99 106 
49 56 106 
49 56 106 
49 56 106 
49 56 
56 
56 59 62 65 68 
56 59 62 65 68 
56 59 62 65 68 
59 62 65 68 
59 62 65 68 
59 62 65 68 70 
59 62 65 68 70 
59 62 65 68 70 
59 62 68 70 
70 
70 
70 
73 
73 
73 
73 
73 
73 
73 
59 73 
59 62 65 68 
59 62 65 68 
59 62 65 68 
59 62 65 68 
59 62 65 68 
59 62 65 68 
62 
70 
70 
70 
70 
70 
70 

73 
73 
73 
73 
73 
73 

42 61 70 
42 61 65 66 70 
42 61 65 66 70 
42 61 65 66 70 
42 61 65 66 70 
65 66 70 
49 65 
49 
49 
49 
49 66 75 
49 66 70 75 
66 70 75 
66 70 75 
54 66 70 75 
54 66 70 75 
54 70 75 
54 58 
54 58 61 
54 58 61 
58 61 
58 61 63 
58 61 63 66 
61 63 66 70 
63 66 70 
63 66 70 
66 70 75 
66 70 75 
70 75 
75 78 
75 78 
75 78 82 
82 
82 87 
82 87 
82 87 
82 87 90 
87 90 
90 
90 
90 
106 
106 
106 111 
106 111 
106 111 
106 111 
106 111 
111 
111 













78 82 
78 82 
78 82 
78 82 
78 82 
39 78 82 
39 78 82 
39 78 82 
39 78 82 
32 39 
32 39 
32 39 
32 
32 
32 
32 
32 80 
77 80 
77 80 
77 80 
77 80 
56 77 80 
56 77 80 
56 72 80 
56 72 
56 60 72 
56 60 72 
60 72 
60 72 
60 63 72 
60 63 72 
60 63 72 
63 66 
63 66 
63 66 70 
63 66 70 
66 70 
66 70 
66 70 
70 
70 
70 



66 
66 
66 
66 
66 72 
72 
72 73 
72 73 
72 73 74 
72 73 74 
72 73 74 75 
72 73 74 75 
73 74 75 76 
74 75 76 77 
74 75 76 77 
56 74 75 76 77 
56 75 76 77 
56 75 76 77 
56 76 77 
56 60 76 77 
56 60 76 77 
60 
60 
60 63 
60 63 
63 66 
63 66 
63 66 68 
63 66 68 
66 68 
66 68 
67 68 
67 68 
67 68 
66 67 68 
66 67 
66 67 
66 
44 66 
44 66 
44 
44 
44 51 
44 51 72 75 
51 72 75 
51 72 75 
51 56 72 75 
51 56 72 75 
56 75 
60 
60 
60 
60 63 
60 63 
60 63 
60 63 
60 63 66 
63 66 
63 66 
63 66 68 
56 66 68 
56 66 68 
56 66 68 
49 56 66 68 73 
49 56 68 73 
49 56 68 73 
49 56 68 73 
49 56 73 
49 59 73 
49 59 73 
59 73 
59 65 73 
59 65 
59 65 
59 65 68 
65 68 
65 68 
65 68 
65 68 
68 73 
68 73 
68 73 
51 73 
51 73 
51 73 
51 73 
44 51 66 71 73 75 
44 51 66 71 75 
44 51 66 71 75 
44 66 71 75 
44 66 71 75 
44 66 71 75 
44 66 71 75 
66 75 80 
80 
80 
80 
56 80 
56 80 
56 80 
56 59 71 75 80 
56 59 71 75 
56 59 71 75 
59 71 75 
59 71 75 
63 71 75 
63 71 
63 74 
63 74 
63 74 
74 
74 
56 74 
56 
56 


49 
49 65 68 70 73 
49 65 68 70 73 
49 65 68 70 73 
68 70 73 
68 70 


56 
56 
56 
56 
56 




59 
59 


















62 65 70 74 77 
62 65 70 74 77 
62 65 70 74 77 
62 65 70 74 77 
62 65 70 74 77 
62 65 70 74 77 
62 65 70 74 77 
62 65 70 74 77 
66 71 75 78 
66 71 75 78 
66 71 75 78 
66 71 75 78 
62 66 71 75 78 
62 66 71 75 78 
62 66 71 75 78 
62 66 67 71 75 78 79 
62 66 67 71 75 79 
62 67 79 
62 67 79 
54 62 67 79 
54 62 67 79 
54 67 79 
54 67 79 
54 67 79 
47 54 67 71 75 80 
47 54 71 75 80 
47 54 71 75 80 
47 71 75 80 
47 71 75 80 
47 71 75 80 
56 71 75 80 
56 75 80 
56 
56 
71 75 78 
71 75 78 
71 75 78 
71 75 78 
59 71 75 78 
59 71 75 78 
59 71 75 78 
59 63 71 75 
59 63 
59 63 
63 
63 66 
63 66 
66 
66 
66 
68 
68 
68 
68 




47 
47 
47 
47 
47 
47 
59 63 68 
56 59 63 66 68 
56 59 63 66 68 
56 59 63 66 68 
56 59 63 66 68 
56 59 63 66 68 
66 
66 




71 
63 66 68 71 
63 66 68 71 
63 66 68 71 
63 66 68 71 
63 66 68 71 
47 66 68 71 
47 
47 
47 
47 
47 
47 58 66 
58 66 70 71 75 
58 66 70 71 75 
58 66 70 71 75 
58 66 70 71 75 
58 66 70 71 75 
58 66 70 71 75 
63 66 70 71 75 
63 70 
63 
63 
63 70 75 78 
63 70 75 78 
63 70 75 78 
63 70 75 78 
63 70 75 78 
56 70 75 78 
56 70 75 78 
56 70 75 78 
56 75 
56 
47 56 
47 71 74 77 82 
47 71 74 77 82 
47 71 74 77 82 
47 71 74 77 82 
47 71 74 77 82 
71 74 77 82 
56 71 74 77 82 
56 71 74 82 
56 
56 
56 
56 
59 
59 
59 
59 62 
59 62 65 
59 62 65 68 
62 65 68 
62 65 68 71 
62 65 68 71 74 
62 68 71 74 
68 71 74 77 
74 77 
71 74 77 
71 74 77 
71 
71 
83 86 
83 86 
86 
86 
86 
86 95 
95 98 
95 98 101 
95 98 101 106 
95 98 101 106 
95 98 101 106 
98 101 106 
98 106 
106 
106 










50 
50 68 74 
50 68 74 
50 59 68 74 80 
50 59 68 74 80 
50 59 68 74 80 
59 74 80 
80 
78 
78 
78 
74 78 
74 78 
74 
74 
68 74 
68 74 
68 
68 
68 
68 70 
70 
70 
70 
70 
66 70 
66 
66 
66 
66 
62 66 
62 
62 
62 
62 
62 66 
59 62 66 
59 62 66 
59 66 
66 
49 66 78 
49 66 78 
49 66 78 
49 78 
49 
49 54 
49 54 
54 
54 
54 
54 
58 
58 
58 
58 
58 61 
58 61 70 73 
61 70 73 
61 70 73 
61 70 73 
61 70 73 
61 66 73 
66 78 
66 78 
66 78 
66 78 
78 
78 

70 
70 
70 
70 
70 



89 
89 
89 












46 
46 
46 
46 53 
46 53 
46 53 
46 53 70 
53 70 73 
53 70 73 76 
53 70 73 76 77 
70 73 76 77 
70 73 76 77 82 
73 76 77 82 
58 73 76 77 82 
58 73 76 77 82 
58 76 77 82 
58 61 82 
58 61 82 
58 61 82 
61 65 
61 65 
61 65 
65 
65 77 
77 
77 
73 77 
73 77 
64 73 
64 70 
64 70 
55 64 70 
55 64 70 
55 70 
55 70 
55 58 
55 58 
58 
58 61 
58 61 
58 61 64 
61 64 
64 
64 
64 70 
64 70 
64 70 
70 
70 73 
70 73 
70 73 
73 76 
56 73 76 
56 73 76 
56 73 76 
56 59 76 
56 59 63 76 
56 59 63 76 
56 59 63 66 76 
56 59 63 66 
59 63 66 
63 66 71 75 
63 66 71 75 
63 66 71 75 
63 66 71 75 
66 71 75 78 
71 75 78 
71 75 78 
71 75 78 
75 78 
71 78 
71 78 
71 78 
68 71 
68 71 
68 71 
68 71 
68 
68 70 73 
68 70 73 
70 73 
70 73 
70 73 
66 70 73 
66 
66 
66 
66 71 
71 
71 
71 
71 
37 71 
37 59 63 65 68 71 
37 59 63 65 68 
37 59 63 65 68 
37 63 65 68 
37 63 65 
63 65 
49 
49 
49 
49 


59 
59 
59 



49 
49 
49 
49 


59 63 
59 63 
63 
63 
63 





49 
49 
49 
49 70 73 
49 69 70 73 
69 70 73 
69 70 73 
68 69 70 73 
68 69 70 73 
44 68 69 73 
44 68 69 
44 68 69 
44 68 
44 51 
44 51 
51 
51 
51 56 
51 56 
51 56 63 
56 63 66 
56 63 66 
56 63 66 
66 
66 
66 
59 63 
59 63 66 
59 63 66 
59 63 66 
59 63 66 71 
59 66 71 
66 71 
71 75 
71 75 
71 75 78 
71 75 78 
75 78 83 
75 78 83 
75 78 83 
78 83 87 
83 87 
87 90 95 
87 90 95 
87 90 95 
87 90 95 99 102 
90 95 99 102 
95 99 102 109 
95 99 102 109 
99 102 109 
99 102 109 
49 99 102 109 
49 99 102 109 
49 99 109 
49 109 
49 56 109 
49 56 
49 56 
49 56 59 
56 59 
56 59 
56 59 63 65 70 
56 59 63 65 70 
59 63 65 70 
59 63 65 70 
59 63 65 70 
63 65 69 70 
63 65 69 70 
63 65 69 70 
69 
69 
59 62 65 68 69 
59 62 65 68 69 
59 62 65 68 69 
59 62 65 68 69 
59 62 65 68 
59 62 65 68 
59 62 65 66 68 
65 66 68 
66 
66 
66 
62 65 66 68 
62 65 66 68 
62 65 66 68 
62 65 66 68 
62 65 68 
59 62 65 66 68 
59 62 65 66 68 
59 62 65 66 68 
49 59 62 66 
49 59 66 
42 49 59 66 
42 49 59 61 65 66 70 
42 49 59 61 65 66 70 
42 49 61 65 66 70 
42 61 65 70 
42 49 61 65 70 
42 49 61 65 70 
42 49 61 65 70 
49 61 65 70 
49 61 68 70 73 
49 68 73 
49 68 73 
68 73 
54 68 73 
54 68 73 
54 68 73 
54 68 70 73 78 
54 70 75 78 
54 70 75 78 
54 70 75 78 
70 75 78 
70 75 78 
70 75 78 
70 75 78 
58 75 
58 75 78 82 
58 78 82 
58 78 82 
58 78 82 
58 78 82 
61 78 82 
61 78 82 
61 78 82 
61 78 
61 
61 66 70 72 77 
61 66 70 72 77 
61 66 70 72 77 
66 70 72 77 
66 70 72 77 
32 66 70 72 77 
32 66 70 72 77 
32 66 70 72 77 
32 
32 
32 66 
32 66 70 
32 66 70 
70 
70 
70 71 
70 71 
78 
78 
78 80 
78 80 
78 80 84 
78 80 84 
84 90 
84 90 94 
84 94 
94 96 
94 96 
94 96 
94 96 101 102 
96 101 102 104 106 
96 101 102 104 106 
101 102 104 106 111 113 
102 104 106 111 113 
102 104 106 111 113 
106 111 113 
111 113 
111 113 
111 113 

















77 
77 
77 
77 
77 78 
77 78 
78 
78 
79 
79 
79 
79 
79 
79 80 
59 80 
59 80 
59 80 
59 63 80 
59 63 80 
59 63 80 
63 66 
63 66 
63 66 78 
66 78 
66 78 
66 78 
70 78 
70 75 
70 75 
70 75 
70 75 
71 75 
71 75 
71 
71 
71 
71 
75 
75 
75 
75 
75 
71 75 
70 71 75 
70 71 75 
70 71 
70 71 
70 71 
59 63 66 70 
59 63 66 70 
59 63 66 
59 63 66 
59 63 66 
59 63 66 
63 66 
63 66 
58 61 65 68 
58 61 65 68 
58 61 65 68 
58 61 65 68 
58 61 65 68 
58 61 65 68 
61 65 68 
61 65 68 


56 59 63 66 
56 59 63 66 
56 59 63 66 
56 59 63 66 
56 59 63 66 
56 59 63 66 
56 63 66 


















73 
73 
73 
73 
73 
73 
73 
73 75 
73 75 
73 75 
75 
75 
71 75 
71 75 
71 75 
71 75 
49 71 75 
49 71 
49 71 
49 59 65 71 
49 59 65 71 73 
49 59 65 73 
59 65 73 
59 65 73 
65 73 
73 
70 73 
70 
70 
70 
70 
70 
70 

71 
71 
71 
71 
71 







59 62 65 68 
59 62 65 68 
59 62 65 68 
59 62 65 68 
62 68 
62 



















42 49 54 58 61 63 66 
42 49 54 58 61 63 66 
42 49 54 58 61 63 66 
42 49 54 58 61 63 66 
42 49 54 58 61 63 66 
42 49 58 61 63 66 
58 61 63 66 
58 66 












68 
68 
68 
68 
68 
68 70 
68 70 
68 70 
68 70 
70 
70 73 
70 73 
70 73 
70 73 
47 73 
47 73 
47 73 
47 56 66 70 71 73 75 
47 56 58 66 70 71 73 75 
47 56 58 66 70 71 75 
66 70 71 75 
66 70 71 75 
66 70 71 75 
66 70 71 75 
66 70 71 75 
68 73 77 
68 73 77 
68 73 77 
68 73 77 
68 73 74 77 
68 73 74 77 
68 73 74 77 
68 70 73 74 75 78 
70 74 75 78 
70 75 78 
70 75 78 
70 75 78 
70 75 76 78 
70 75 76 78 
70 75 76 78 
75 


71 75 
71 75 77 80 
71 75 77 80 
71 75 77 80 
71 75 77 80 
71 75 77 80 
71 75 77 80 
71 75 77 80 







30 42 70 73 77 82 
30 42 70 73 77 82 
30 42 70 73 77 82 
30 42 70 73 77 82 
30 42 70 73 77 82 
30 42 70 73 77 82 
30 42 70 73 77 82 
30 42 70 77 82 
70 














106 109 
106 109 
106 109 
106 109 
101 106 109 
101 106 109 
101 106 109 
101 
101 
97 
97 
97 101 
97 101 
97 101 
97 101 
94 97 101 
94 97 101 
94 101 
89 94 
89 94 
89 94 
89 94 
89 
85 
85 
85 89 
85 89 
85 89 
82 85 89 
82 89 
82 89 
82 85 
82 85 
85 
77 85 
77 
77 
77 
77 82 
77 82 
82 
73 82 
73 
73 
73 
73 77 
73 77 
77 





70 
70 
70 
70 
70 





65 
65 
65 
65 



61 
61 
61 
61 




43 50 55 59 62 65 69 
43 50 55 59 62 65 69 
43 50 55 59 62 65 69 
43 50 55 59 62 65 69 
43 50 55 62 65 69 
62 65 69 
62 



49 58 
42 49 54 58 63 66 68 
42 49 54 58 63 66 68 
42 49 54 58 63 66 68 
42 49 54 58 63 66 68 
42 54 58 63 66 68 
58 63 66 68 


















30 
30 
30 
30 
30 
30 
















