




































































37 
37 
37 
37 





37 
37 
37 
37 
49 
49 
49 
37 
37 
37 
37 
37 49 
49 
37 49 
37 49 
37 49 
37 
37 

37 
37 
37 
37 49 
37 49 
37 49 
49 
49 
49 


37 
37 
37 65 
37 49 65 
37 49 65 
37 49 65 
49 65 
49 65 68 
49 65 66 68 
66 68 
66 68 
49 66 68 
49 
49 65 
49 65 
37 49 65 
37 49 65 
37 65 
37 65 
37 49 65 
37 49 65 
37 49 60 68 
49 60 63 65 68 
49 60 63 65 68 
49 60 63 65 68 
60 63 65 68 
49 60 63 65 68 
49 60 63 65 68 
49 60 63 65 
37 49 60 63 
37 49 
37 
37 
37 60 
37 49 60 65 68 
49 60 65 68 
49 60 65 68 
37 49 60 65 68 
37 49 60 68 
37 49 60 68 
37 60 68 
37 49 68 
37 49 68 
49 
37 49 
37 49 
37 49 
37 
37 
37 
60 
60 
60 
60 63 
49 60 63 
49 60 63 
49 63 
37 49 63 
37 49 
37 
37 
37 49 
49 
49 
49 
37 49 
37 49 75 
37 75 
37 75 
37 75 
49 75 
49 75 77 
49 77 
49 77 
49 
84 
84 
84 
84 
84 
87 
87 
87 
87 

89 
89 
89 
89 

92 
92 
92 
92 
92 
49 92 
49 
37 
37 
37 
37 
37 49 
49 
49 
37 
37 
37 
37 49 
49 
37 49 
37 49 
37 49 
37 49 
37 
37 


49 
49 
49 
37 49 
37 49 65 
37 49 65 
37 65 
37 65 
37 65 
37 65 68 
65 68 
49 65 68 
49 65 68 
49 68 
37 49 65 68 
37 49 65 68 
37 49 65 68 
37 49 65 68 
37 65 68 
37 65 
37 61 65 70 
37 61 65 70 
61 65 70 
61 70 
61 70 
49 61 70 
49 61 70 
49 61 70 
49 61 65 70 72 
49 65 72 
49 65 72 
49 65 72 
65 72 
65 72 
49 65 72 
49 61 70 72 
49 61 70 72 
37 49 61 70 
37 49 61 70 
37 49 61 70 
37 61 70 
37 49 61 70 
37 49 61 70 
37 49 
49 
49 



61 
61 
49 61 
49 61 
49 61 
49 56 61 
49 56 
49 56 58 
49 56 58 
56 58 61 
56 58 61 65 
56 58 61 65 
58 61 65 
58 65 68 
65 68 
65 68 70 
68 70 
68 70 
70 
70 73 
70 73 
70 73 77 
73 77 
77 
77 80 
77 80 
77 80 
77 80 
80 83 85 
83 85 
83 85 
85 

92 
92 
92 
92 97 
97 
97 
97 
97 101 
97 101 
97 101 
97 101 
97 101 
101 104 
104 
104 
104 
104 
104 
104 106 
106 
106 
106 
106 
106 
49 106 
49 
49 
49 56 
56 
56 
56 
56 
56 58 
58 
58 
58 
58 70 
58 70 
70 
70 
70 
70 
70 73 
70 73 
70 73 
70 73 
73 
56 70 73 
56 70 73 
56 70 73 
56 70 
56 70 73 
56 70 73 
49 56 70 73 
49 70 73 
49 73 
49 73 
49 56 73 
49 56 73 
49 56 
56 61 
56 61 
56 61 
56 61 
61 
61 65 
61 65 
65 
65 
65 68 
65 68 
65 68 
68 
68 69 
68 69 70 
68 69 70 
68 69 70 
69 70 73 
69 70 73 
69 70 73 
69 70 73 
51 69 70 73 
51 70 73 
51 70 73 
51 73 
51 58 73 
51 58 
58 
58 
58 61 
58 61 
58 61 
61 
61 
61 65 
61 65 
65 
65 
65 68 
65 68 
68 
68 
68 
68 70 
70 
70 
70 
70 
70 73 
73 
52 73 
52 73 
52 73 
52 
52 
52 58 
58 
58 
58 
58 61 
58 61 
61 
61 
61 64 
61 64 
64 
64 
64 
64 67 
67 
67 
67 
67 
67 
70 
70 
70 
70 
70 
70 



73 
73 
73 
73 

53 
53 
53 
53 61 
53 61 
53 61 65 73 
53 61 65 73 
61 65 73 
61 65 73 
61 65 73 
61 65 73 
65 73 
65 73 
73 







70 
70 
70 
70 
70 
70 
70 73 
70 73 
70 73 
70 73 
53 73 
53 73 
53 73 
46 53 70 73 77 
46 53 68 70 77 
46 53 68 70 77 
46 53 68 70 77 
46 68 70 77 
46 53 68 70 77 
46 53 68 70 75 77 
46 53 68 75 
53 75 
53 58 75 
53 58 75 
53 58 68 70 73 75 77 
58 68 70 73 75 77 
58 68 70 73 75 77 
58 68 70 73 75 77 
56 58 68 70 73 77 
56 68 70 73 77 
56 68 70 73 77 
56 58 68 70 73 77 
56 58 61 68 73 77 
56 58 61 
58 61 65 
58 61 65 
58 61 65 68 
61 65 68 
65 68 70 
65 68 70 
68 70 73 
70 73 
68 70 73 
68 70 73 77 
68 70 73 77 
68 73 77 
68 77 
68 77 


80 
80 
80 82 
80 82 
82 
82 85 
82 85 
82 85 
85 
85 92 
85 92 
92 
92 
92 94 
92 94 
92 94 
92 94 97 
94 97 
94 97 
97 
97 104 
97 104 
97 104 
97 104 
104 106 
104 106 
104 106 
104 106 109 
106 109 
106 109 111 
109 111 
109 111 
111 
111 113 
111 113 
113 
51 113 
51 113 
51 113 
51 113 
51 113 

58 
58 
58 
58 
58 

61 
61 
61 
61 
61 

67 
67 
67 
67 
67 
67 
70 
70 
70 
70 
70 
70 


73 
73 








75 
75 
75 














































75 
75 76 77 
75 76 77 
75 76 77 
75 76 77 
75 76 77 
75 76 77 
76 77 
76 77 
76 77 
76 
76 






80 
80 
80 
80 
80 
80 
77 80 
77 80 
77 
77 
77 
77 
77 

80 
80 
80 
80 
80 
51 80 
51 80 
51 
51 
51 
51 58 
51 58 
58 
58 
58 
58 61 
61 
61 
61 
61 66 
61 66 
61 66 
66 
66 
66 70 
66 70 
66 70 
70 
70 73 
70 73 
70 73 
70 73 
73 
73 77 
73 77 
73 77 
77 
63 77 80 
63 77 80 
63 77 80 
56 63 77 80 
56 63 80 
56 63 80 
56 63 80 
56 80 
56 80 
56 

66 
66 
66 
66 68 
66 68 
66 68 
66 68 
66 68 
68 72 
68 72 
68 72 
72 
72 
72 
72 
77 
77 
77 
77 
77 
55 77 
55 
55 
48 55 
48 63 67 75 
48 63 67 75 
48 63 67 75 
48 63 67 75 
63 67 75 
63 67 75 
55 67 
55 
55 
55 
55 58 
55 58 
58 
58 
58 
58 63 
63 
63 
63 
63 
63 67 
63 67 
67 
67 
67 
67 
75 
75 
75 
75 
75 
53 75 
53 
53 
53 
53 

60 
60 
60 
60 
60 
60 63 
63 
63 
63 
63 
63 

65 
65 
65 
65 




























73 
73 
73 74 
73 74 
73 74 75 
73 74 75 76 
74 75 76 
74 75 76 77 
74 75 76 77 
74 75 76 77 
46 75 76 77 
46 75 76 77 
46 76 77 
46 77 
46 77 
46 53 
46 53 
53 
53 
53 58 
53 58 
53 58 
58 
58 
58 
58 



61 68 73 
61 68 70 73 
61 68 70 73 
61 68 70 73 
61 68 70 73 
61 68 70 73 
61 68 70 73 75 
61 70 73 75 
75 
75 
75 
58 75 
58 75 
58 75 
58 68 75 77 
58 68 70 75 77 
58 68 70 77 
58 68 70 77 
58 68 70 77 
61 68 70 77 
61 68 70 77 
61 68 70 77 
61 68 70 77 
61 75 
61 75 
61 75 
61 75 
58 75 
58 75 
58 75 
58 75 
58 68 73 75 
58 68 73 75 
58 68 73 
58 68 73 
58 68 73 
68 73 
68 73 
68 73 
73 
43 67 72 
43 67 72 
43 67 72 
43 67 72 
43 67 72 
43 67 72 
43 50 67 72 
50 67 72 
50 67 
50 
50 
50 55 
50 55 
55 
55 
55 
55 
55 



61 
61 
61 
61 
61 

67 
67 
67 
67 
67 



72 
72 
72 
72 
72 
72 73 
73 
73 
73 
73 
79 
79 
79 



82 
82 
82 
82 


84 
84 
84 
84 
84 


55 
55 
55 
55 
55 






50 
50 
50 
50 
50 


72 
72 
71 72 
71 72 
70 71 72 
70 71 
70 71 
68 70 71 
68 70 71 
68 70 
41 68 
41 68 
41 68 
41 
41 
41 
41 53 
53 
53 
53 
53 
53 



60 
60 
60 
60 
60 63 
60 63 
60 63 
60 63 
60 63 65 
63 65 
63 65 
63 65 
63 65 
52 65 
52 65 
52 65 
52 65 68 
52 68 
52 68 
52 68 
52 61 68 
52 61 68 
61 68 
61 68 
61 68 
61 65 68 
61 65 
61 65 
65 
65 
65 
61 65 
61 65 
61 
61 
61 70 
61 70 
61 70 
61 70 
70 
70 
70 
70 
51 70 
51 65 68 72 
51 65 68 72 
51 65 68 72 
51 65 68 72 
51 65 68 72 
51 60 65 68 72 
51 60 65 68 72 
60 
60 
60 
60 
60 65 68 72 
65 68 72 
65 68 72 
65 68 72 
65 68 72 
65 68 72 
65 68 72 
60 72 
60 
60 
60 
60 
60 
51 60 
51 
51 64 67 
51 64 67 
51 64 67 
51 64 67 
51 64 67 
64 67 
64 67 

61 
61 
61 
61 
61 
61 
64 67 73 
64 67 73 
64 67 73 
64 67 73 
64 67 73 
64 67 73 
64 67 73 


61 
61 
61 
61 
61 
58 61 
58 
58 66 70 
58 66 70 73 75 
66 70 73 75 
66 70 73 75 
66 70 73 75 
51 66 70 73 75 
51 66 70 73 75 
51 66 70 73 75 
51 75 
51 58 
51 58 
58 
58 61 
58 61 
58 61 
61 
61 66 
61 66 70 
61 66 70 
66 70 
70 
70 73 
70 73 
73 
73 78 
73 78 
78 
78 
78 82 
78 82 
82 85 
82 85 
82 85 
85 90 
85 90 
90 
90 94 
90 94 97 99 
90 94 97 99 
90 94 97 99 
90 94 97 99 102 
97 99 102 
97 99 102 106 
97 102 106 
97 102 106 109 
102 106 109 111 
102 106 109 111 
102 106 109 111 
106 109 111 
109 111 
111 
111 
111 
111 















61 
61 
61 
61 
61 73 
73 
73 
73 
73 
70 73 
70 73 
70 73 
70 73 
70 
70 
66 70 
66 70 
51 66 70 
51 66 
51 66 
51 66 
51 

44 60 
44 60 63 65 68 
44 60 63 65 68 
44 60 63 65 68 
60 63 65 68 
63 65 
63 65 
63 


51 
51 
51 
51 



56 
56 
56 
56 
56 
56 


60 
60 
60 
60 
60 





63 
63 
63 
63 



































65 
65 
65 
65 
65 
65 68 
65 68 
65 68 
65 68 
68 
65 68 
65 68 
49 65 68 
49 65 68 
49 65 
49 65 
49 65 
49 60 63 68 
49 56 60 63 68 
56 60 63 68 
56 60 63 68 
56 60 63 68 
56 60 63 68 
56 60 63 

68 
63 65 68 
63 65 68 
63 65 68 
63 68 
63 68 
60 
60 63 65 68 
60 63 65 68 
60 63 65 68 
60 63 65 68 
60 63 65 68 
56 60 63 65 68 
56 60 63 65 68 
56 60 63 65 68 
56 63 
56 
56 
44 56 
44 56 
44 
44 
44 56 
44 56 
44 56 
56 
49 56 
49 56 
49 56 
49 56 
49 
49 
49 60 
60 
60 63 
60 63 
60 63 
60 63 65 
60 63 65 
63 65 68 
63 65 68 
65 68 72 
68 72 
68 72 
68 72 
72 75 
72 75 77 
72 75 77 
75 77 80 
75 77 80 
77 80 
80 84 
80 84 
80 84 
84 
84 87 
84 87 
87 
87 
87 
87 
89 
89 
89 
89 
89 
89 
92 
92 
92 
92 
92 
92 
65 92 
65 92 
65 92 
65 
65 
64 65 68 
64 65 68 
64 65 68 
64 65 68 
64 68 
64 68 
68 
68 




65 
56 65 
56 65 
56 65 
56 65 
56 65 68 
56 65 68 
56 65 68 
68 
68 
49 68 
49 65 68 70 
49 65 68 70 
49 65 68 70 
49 65 70 
49 56 65 70 
49 56 65 70 
56 65 70 
56 70 
56 65 68 70 72 
56 65 68 72 
56 65 68 72 
65 68 72 
60 65 68 72 
60 65 68 72 
60 65 68 72 
60 68 72 
60 65 70 
60 65 70 
60 65 70 
49 65 70 
49 65 70 
49 65 70 
49 65 70 
49 56 70 
49 56 
49 56 
56 58 
56 58 
56 58 
56 58 
58 
58 61 
58 61 63 
61 63 
61 63 65 
61 63 65 
65 
65 68 
68 
68 
68 
68 
73 
73 
73 
73 
73 77 
73 77 
77 
77 
80 
80 
80 
80 




85 
85 
85 
85 
85 
89 
89 
89 
89 
89 

92 
92 
92 
92 
92 



94 
94 






















68 69 70 
68 69 70 
68 69 70 
68 69 70 
68 69 70 
69 70 
69 70 73 
69 70 73 
69 70 73 
73 
70 73 
70 73 
70 73 
70 
70 
70 73 
70 73 
73 
73 
49 73 
49 73 
49 73 
49 
49 56 
49 56 
56 
56 
56 61 
56 61 
56 61 
61 
61 65 
61 65 
61 65 
65 
65 68 
65 68 
65 68 
68 
68 70 
68 70 
70 
70 
70 
70 77 
70 77 
77 
77 
77 
73 77 
73 
73 
51 73 
51 73 
51 73 
51 73 
51 58 73 
51 58 
51 58 
58 
58 61 
58 61 
58 61 
58 61 
61 66 
61 66 
61 66 
61 66 
61 66 
66 70 
66 70 
66 70 
66 70 
70 73 
70 73 
70 73 
70 73 
52 70 73 
52 73 
52 73 
52 73 
52 58 73 
52 58 
52 58 
52 58 
58 61 
58 61 
58 61 
61 64 
61 64 
61 64 
61 64 
61 64 67 
64 67 
64 67 
64 67 
64 67 
67 70 
67 70 
67 70 
70 
70 73 
53 70 73 
53 70 73 
53 70 73 
53 73 
53 61 73 
53 61 73 
53 61 73 
53 61 65 68 70 73 
61 65 68 70 
61 65 68 70 
61 65 68 70 
61 65 68 70 
61 65 68 70 
65 68 70 73 
65 68 70 73 
70 73 
73 
61 73 
61 73 
61 70 73 
61 70 73 
61 70 73 
61 70 
61 70 
61 70 73 
70 73 
53 70 73 
53 70 73 
53 73 
53 73 
46 53 68 70 73 77 
46 53 68 70 73 77 
46 53 68 70 73 77 
46 68 70 77 
46 53 68 70 77 
46 53 68 70 77 
46 53 68 70 75 77 
53 58 68 70 75 77 
53 58 68 75 77 
53 58 75 
53 58 68 73 75 
58 68 70 73 75 77 
58 68 70 73 75 77 
58 68 70 73 75 77 
58 68 70 73 75 77 
56 68 70 73 77 
56 68 70 73 77 
56 58 68 70 73 77 
56 58 68 70 73 77 
56 58 68 73 77 
56 58 61 
56 58 61 
58 61 65 
58 61 65 
61 65 68 
61 65 68 
61 65 68 70 
65 68 70 
65 68 70 73 
68 70 73 75 
70 73 75 
70 73 75 
70 73 75 80 
73 75 80 
75 80 
80 82 
80 82 
80 82 85 
80 82 85 
82 85 
82 85 
85 92 
85 92 
92 
92 94 
92 94 97 
92 94 97 
92 94 97 
92 94 97 
94 97 102 
97 102 104 
97 102 104 
97 102 104 106 
102 104 106 107 109 
102 104 106 107 109 111 
104 106 107 109 111 
104 106 107 109 111 113 
104 107 109 111 113 
51 107 109 111 113 
51 107 111 113 
51 111 113 
51 111 113 
51 113 
51 58 113 
58 113 
58 
58 
58 
58 61 
61 
61 
61 
61 
61 
67 
67 
67 
67 
67 


70 
70 
70 
70 























77 
77 
77 
77 
77 
77 80 
77 80 
77 80 
77 80 
80 
80 
80 
80 
80 

51 
51 
51 
51 
51 58 
51 58 
58 
58 
58 61 
58 61 
61 
61 
61 66 
61 66 
66 
66 
66 
66 70 
66 70 
70 
70 
70 73 
70 73 
70 73 
73 
73 
73 77 
73 77 
77 
63 77 
63 77 
56 63 77 80 
56 63 77 80 
56 63 80 
56 63 80 
56 80 
56 80 
56 63 80 
63 
63 
63 
63 
63 

66 68 72 
66 68 72 
66 68 72 
66 68 72 
66 68 72 
66 68 72 
72 

77 
77 
77 
77 
77 
77 
77 
77 


48 67 
48 63 67 75 
48 63 67 75 
48 63 67 75 
48 63 67 75 
48 63 67 75 
48 55 63 67 75 
55 63 67 75 
55 63 67 75 
55 63 
55 67 
55 63 67 75 
55 63 67 75 
55 63 67 75 
63 67 75 
63 67 75 
63 67 75 
58 63 67 75 
58 63 75 
58 63 75 
58 63 
58 
58 
58 
58 
53 
53 
53 
53 
53 
53 
53 63 65 69 
63 65 69 
63 65 69 
63 65 69 
63 65 69 
63 65 69 
63 65 69 
63 65 69 







60 
60 
60 73 
60 73 
60 73 
60 73 
60 61 
60 61 73 
60 61 73 
61 73 
61 73 
61 73 
61 73 
61 73 
61 73 
46 68 70 77 
46 68 70 77 
46 68 70 77 
46 68 70 77 
46 68 70 77 
46 68 70 77 
46 53 68 70 77 
46 53 68 70 77 
53 68 70 77 
53 
53 58 
53 58 
53 58 
53 58 
58 61 
58 61 
58 61 
58 61 
61 65 
61 65 
61 65 
61 65 
61 65 73 
65 68 73 
65 68 73 
65 68 73 
68 73 
68 73 
73 
68 70 77 
68 70 77 
68 70 77 
68 70 77 
68 70 77 
68 70 77 
68 70 77 
61 70 77 
61 
61 
61 
61 
61 
61 68 70 73 
68 70 73 
68 70 73 
68 70 73 
70 73 
70 73 
70 73 



61 
61 
61 
61 


70 73 76 82 
70 73 76 82 
70 73 76 82 
70 73 76 82 
70 73 76 82 
70 73 76 82 
55 70 73 76 82 
55 70 76 82 
55 76 
55 
55 58 
55 58 
55 58 
58 61 
58 61 
58 61 64 
58 61 64 
61 64 
61 64 70 
64 70 
64 70 
64 70 73 
70 73 
70 73 
73 76 
73 76 
76 
76 82 
76 82 
76 82 
76 82 
82 85 
82 85 
82 85 
85 88 
85 88 
85 88 
88 
88 94 
88 94 
88 94 
94 
94 97 
94 97 
94 97 
97 
97 
97 100 
97 100 
97 100 
100 
100 
100 103 
103 
103 
103 
103 
103 106 
106 
106 
106 
106 
106 

109 
109 
109 
109 



112 
112 
112 
112 
112 
112 





































65 
65 
65 
65 
65 
65 
65 
65 68 
65 68 
68 
68 
68 
68 
65 68 
65 68 
65 68 
65 
65 
65 
65 
65 
65 
















53 
53 
53 60 
53 60 
53 60 
53 60 
60 
60 63 
63 

68 
68 
68 
68 
68 
68 
68 







68 
68 
68 
68 
68 


















50 
50 59 
50 59 
50 59 
50 59 
50 59 
59 









65 
65 
65 
65 
65 
65 
65 
65 68 
65 68 
65 68 
68 
68 
68 
68 
65 68 
65 68 
65 
51 65 
51 65 
51 65 
51 58 65 
51 58 65 
51 58 61 66 68 
51 58 61 66 68 
58 61 66 68 
58 61 66 68 
61 66 68 
61 66 68 
61 66 68 

68 
68 
68 
68 
68 
68 
68 


68 
68 
68 
68 
68 
68 
68 



51 
51 
51 
51 
51 
51 






44 60 
44 60 
44 60 
44 60 
44 60 







51 
51 
51 
51 
51 





















50 
50 60 66 69 72 77 
50 60 66 69 72 77 
50 60 66 69 72 77 
50 60 66 69 72 77 
50 60 66 69 72 77 
69 72 

















































49 
49 
49 63 65 68 73 
49 63 65 68 70 73 
49 63 65 68 70 73 
49 63 65 68 70 73 
63 65 68 70 73 
63 65 68 70 
70 




58 
58 
58 
58 
58 































65 
65 
65 







49 
49 
49 
49 






56 
56 
56 
56 
56 




61 65 
61 65 68 70 
61 65 68 70 
61 65 68 70 
68 70 



61 
61 
61 
61 




51 
51 
51 
51 
51 60 
60 64 68 
60 64 68 
60 64 68 
60 64 68 
60 64 68 
44 64 
44 64 
44 
44 
44 51 
44 51 
51 
51 56 
51 56 
51 56 
56 60 
56 60 
60 64 
60 64 
60 64 
60 64 68 
64 68 
64 68 72 
68 72 
68 72 
72 
72 76 
72 76 
72 76 
76 84 
76 84 
76 84 
76 84 
84 
84 
84 

96 
96 
96 
96 100 
96 100 
100 
100 
100 104 
100 104 
104 
104 
104 
104 
104 












65 
65 
65 
65 
65 
65 
65 68 
65 68 
65 68 
65 68 
68 
68 
65 68 
49 65 68 
49 65 
49 65 
49 65 
49 56 65 
49 56 65 
49 56 60 68 
56 60 63 65 68 
56 60 63 65 68 
56 60 63 65 68 
60 63 65 68 
60 63 65 68 
60 63 65 
63 


68 









60 63 65 68 
60 63 65 68 
60 63 65 68 
60 63 65 68 
60 63 65 68 
60 63 65 68 
60 63 65 68 
60 63 68 
60 63 68 


49 56 58 61 63 65 68 
49 56 58 61 63 65 68 
49 56 58 61 63 65 68 
49 56 58 61 63 65 68 
49 56 58 61 63 65 68 
49 56 58 61 63 65 68 
49 56 58 61 63 65 68 
58 61 63 65 68 
61 63 


















61 
61 
61 
61 
61 
61 
61 




49 
49 
49 
49 
49 
49 
49 56 
56 60 63 65 
56 60 63 65 
56 60 63 65 
56 60 63 65 
56 60 63 65 
60 63 65 
63 













56 60 63 65 
56 60 63 65 
56 60 63 65 
56 60 63 65 
56 60 63 65 
63 





49 
49 
49 
49 
49 
49 


56 61 65 
56 61 65 
56 61 65 
56 61 65 
56 61 65 
56 61 65 
56 61 65 




61 68 
61 68 
61 68 
61 68 
61 68 
61 68 
61 68 
56 61 68 
56 68 
56 68 
56 
56 
56 
56 
56 65 
65 
65 
65 
65 
65 
44 65 
44 65 
44 
44 
44 
44 
37 44 61 65 70 
37 61 65 70 
37 61 65 70 
37 61 65 70 
37 61 65 70 
37 61 65 70 
37 61 65 70 72 
61 65 70 72 
72 
72 
72 
72 
61 65 70 72 
61 65 70 72 
61 65 70 
61 65 70 
61 65 70 
61 65 70 
61 65 70 
49 61 65 70 
49 
49 
49 
49 56 
49 56 
49 56 
49 56 
56 58 
56 58 
56 58 61 
56 58 61 
58 61 65 
58 61 65 
61 65 
61 65 68 
65 68 70 
68 70 
68 70 
68 70 73 
70 73 
70 73 
70 73 
73 77 
73 77 80 
73 77 80 
80 
80 
80 
80 85 
85 
85 89 
85 89 
85 89 92 
85 89 92 
85 89 92 
58 89 92 
58 92 
58 97 99 
58 97 99 
58 97 99 
58 97 99 
97 99 106 
97 99 106 
99 106 
106 109 
106 109 
106 109 
106 109 
109 113 
109 113 
109 113 
109 113 
109 113 
113 
113 
113 
49 
49 
49 
49 
49 

56 
56 
56 
56 
56 

61 
61 
61 
61 
61 
61 

65 
65 
65 
65 
65 
65 
65 
68 
68 
68 
68 
68 
68 
69 
69 
49 51 69 
49 51 69 
49 51 58 69 
49 51 58 69 
49 51 58 61 
51 58 61 68 69 
58 61 68 69 70 
58 61 68 69 70 
61 68 69 70 
68 69 70 
68 70 
70 
70 
70 
70 

73 
73 
73 
73 
73 
73 
73 
61 73 
61 73 
61 
61 
61 
61 

70 
70 
70 
70 
70 
70 
49 70 
49 
49 
49 
49 
49 
49 61 65 68 70 73 
61 65 68 70 73 
61 65 68 70 73 
61 65 68 70 73 
61 65 68 70 73 
61 68 70 73 
61 68 70 






65 
65 
65 
65 
65 
65 
61 65 
61 
61 
61 
61 
61 
61 
61 




51 
51 
51 
51 
51 
51 
51 61 
51 61 70 73 
61 70 73 
61 70 73 
61 70 73 
61 70 73 
61 70 73 
61 70 73 
70 73 
70 



66 
66 
66 
66 
66 


61 
61 
61 
61 
61 
61 
61 
70 
70 
70 
70 
70 
70 
52 70 
52 
52 
52 
52 
52 61 64 67 
52 61 64 67 70 73 
61 64 67 70 73 
61 64 67 70 73 
61 64 67 70 73 
61 64 67 70 73 
61 64 67 70 73 
70 













61 
61 
61 
61 
61 
61 
64 
64 
64 
64 
64 
64 
53 64 
53 
53 
53 
53 
53 
53 61 65 68 70 
61 65 68 70 
61 65 68 70 
61 65 68 70 
61 65 68 70 
61 65 68 70 
61 65 68 70 
61 68 70 



65 73 
65 68 70 73 
65 68 70 73 
65 68 70 73 
65 68 70 73 
65 68 70 73 
65 68 70 73 
65 68 70 73 
61 65 68 70 73 
61 68 70 
61 
61 
61 
61 
61 70 
61 70 
70 
70 
70 
70 
53 70 73 
53 70 73 
53 70 73 
53 70 73 
53 73 
53 73 
46 53 70 73 77 
46 68 70 73 77 
46 68 70 77 
46 68 70 77 
46 68 70 77 
46 68 70 77 
46 68 70 77 
68 70 75 77 
68 75 77 
68 75 
75 
75 
68 70 73 75 77 
68 70 73 75 77 
68 70 73 75 77 
68 70 73 77 
68 70 73 77 
68 70 73 77 
68 70 73 77 
56 68 70 73 77 
56 68 73 77 
56 
56 
56 
56 
56 58 
56 58 
58 
58 
58 
58 
58 61 
61 
61 
61 
61 
61 65 
61 65 
65 
65 
65 68 
65 68 
65 68 
68 
68 
68 
68 73 
73 
73 
73 
73 80 
73 80 
73 80 
80 82 
80 82 
80 82 
80 82 85 
65 80 82 85 
65 82 85 
65 85 
65 85 92 
65 85 92 
92 94 
92 94 
92 94 97 
92 94 97 
92 94 97 
94 97 
94 97 104 
97 104 
97 104 
97 104 106 
104 106 109 
104 106 109 
104 106 109 111 
104 106 109 111 
104 106 109 111 113 
51 106 109 111 113 
51 109 111 113 
51 109 111 113 
51 111 113 
51 111 113 
51 113 
51 55 113 
55 113 
55 113 
55 
55 

58 
58 
58 
58 
58 

61 
61 
61 
61 
61 
61 
61 
67 
67 
67 
67 


70 
70 
70 
70 



70 
70 
70 
70 
70 







73 
73 
73 
73 



67 
67 
67 77 
67 77 
67 77 
67 77 
67 77 
77 80 
77 80 
77 80 
77 80 
80 
77 80 
77 80 
77 80 
58 77 80 
58 77 80 
58 77 80 
58 77 
51 58 77 80 
51 58 80 
51 58 80 
51 80 
51 58 80 
51 58 80 
51 58 80 
58 80 
58 80 
58 80 
58 63 
63 
63 
63 
63 66 
63 66 
63 66 
63 66 
63 66 70 
63 66 70 
66 70 
66 70 
70 
70 73 
70 73 
70 73 
70 73 
73 75 
73 75 
73 75 
73 75 
73 75 77 
51 75 77 
51 75 77 
51 75 77 
51 75 77 
51 68 72 77 80 
44 51 68 72 75 77 80 
44 51 68 72 75 80 
44 51 68 72 75 80 
44 68 72 75 80 
44 68 72 75 80 
44 68 72 75 80 
44 68 72 75 80 
44 75 80 


56 
56 
56 
56 68 
56 68 
56 68 
56 68 
68 
68 
60 68 
60 
60 
60 
60 
60 
60 
60 68 72 77 
60 68 72 77 
60 68 72 77 
68 72 77 
68 72 77 
48 68 72 77 
48 68 72 77 
48 68 72 77 
48 68 72 77 
48 
48 
48 
48 58 63 67 75 
58 63 67 75 
58 63 67 75 
58 63 67 75 
58 63 67 75 
58 63 67 75 
58 63 67 73 75 
63 67 73 75 
73 
73 
73 
73 

75 
75 
75 
75 
75 
75 
58 75 
58 75 
58 
58 
58 
58 

63 
63 
63 
63 
63 
63 
41 63 
41 
41 
41 
41 
41 
53 63 69 72 
53 63 69 72 
53 63 69 72 
53 63 69 72 
53 63 69 72 
53 63 69 72 
69 






63 
63 
63 
63 
63 
63 
53 63 
53 63 
53 
53 
53 
53 
53 63 
53 63 69 73 
53 63 69 73 
63 69 73 
63 69 73 
63 69 73 
63 69 73 
63 69 73 
46 63 69 
46 
46 
46 
46 
46 53 68 70 73 77 
46 53 68 70 73 77 
46 53 68 70 73 77 
46 53 68 70 73 77 
53 68 70 73 77 
53 68 70 73 77 
53 68 70 73 77 
53 68 70 73 77 
68 70 





68 
68 
68 
68 
68 
58 68 
58 68 
58 
58 
58 
58 
58 
58 61 
61 
61 
61 
61 
61 73 
68 70 73 
68 70 73 
68 70 73 
68 70 73 
68 70 73 
68 70 

65 
65 77 
65 77 
65 77 
65 77 
65 77 
77 
77 




68 
68 
68 
68 
68 
68 

61 
61 
61 
61 
61 
61 
73 
73 
73 
73 
73 
73 
45 
45 
45 
45 
45 
45 
45 57 64 67 69 72 
57 64 67 69 72 
57 64 67 69 72 
57 64 67 69 72 
57 64 67 69 72 
57 64 67 69 72 
64 67 69 












57 
57 
57 
57 
57 
57 

64 
64 
64 
64 
64 
64 69 
64 69 
69 
69 
69 
69 72 
72 
72 
72 
72 76 
57 76 
57 76 
57 76 
57 76 
57 76 81 
76 81 
81 
81 
81 
81 
84 
84 
84 
84 
84 
84 
57 
57 
57 
57 
57 
57 
57 72 
72 
72 
72 
71 72 
70 71 72 
70 71 72 
70 71 
70 71 
69 70 71 
69 70 
69 70 
53 68 69 
53 68 69 
53 68 69 
53 68 69 
53 68 69 
53 68 69 
53 68 
68 
60 
60 
60 
60 
60 
60 
65 
65 
65 
65 
65 
65 
65 
63 65 
63 
63 
63 
63 
63 
63 





52 
52 
52 
52 
52 
52 
52 65 
60 65 68 
60 65 68 
60 65 68 
60 65 68 
60 65 68 
60 65 68 
68 





65 68 
65 68 
65 68 
65 68 
65 68 
65 68 
60 68 
60 
60 
60 
60 
60 

70 
70 
70 
70 
70 
70 
51 70 
51 
51 
51 
51 
51 60 63 
60 63 68 72 
60 63 68 72 
60 63 68 72 
60 63 68 72 
60 63 68 72 
60 63 68 72 
63 68 72 












60 
60 
60 
60 
60 
60 
63 67 72 
63 67 72 
63 67 72 
63 67 72 
63 67 72 

50 
50 
50 
50 
50 
50 

61 65 72 
61 65 67 72 
61 65 67 72 
61 65 67 72 
61 65 67 72 
61 65 67 72 
65 67 72 
65 67 




64 67 73 
64 67 73 
64 67 73 
64 67 73 
64 67 73 
64 67 73 
64 67 73 
59 64 67 73 
59 64 67 73 
59 64 
59 
59 
59 
59 64 67 70 73 
64 67 70 73 
64 67 70 73 
64 67 70 73 
64 67 70 73 
64 67 70 73 
64 67 70 73 
58 64 67 70 
58 64 
58 64 
58 
58 
58 
51 58 66 70 75 
51 66 70 75 
51 66 70 75 
51 66 70 75 
51 66 70 75 
51 66 70 75 
51 66 70 75 
66 70 75 
58 66 70 75 
58 
58 
58 
58 
58 61 
61 
61 
61 
61 
61 
61 

66 
66 
66 
66 
66 70 
66 70 
66 70 
70 
70 73 
70 73 
70 73 
73 
73 78 
73 78 80 
73 78 80 
78 80 
78 80 
80 82 
82 
82 
82 
82 
85 
85 
85 
85 
85 
85 
85 89 
89 
89 
89 
89 
89 
89 
73 89 
73 
73 
73 
73 
73 
70 73 
70 73 
70 
70 
70 
70 
70 





51 
51 
51 60 65 
44 51 60 65 68 
44 60 65 68 
44 60 65 68 
44 60 65 68 
44 60 65 68 
44 60 65 68 
60 





51 
51 
51 
51 
51 

60 
60 
60 
60 
60 
60 
56 60 
56 
56 
56 
56 
56 
51 
51 
51 
51 
51 
51 

56 60 
56 60 64 
56 60 64 
56 60 64 
56 60 64 
56 64 
56 64 
64 











56 
56 77 
56 77 
56 77 
56 77 
56 77 
77 80 
77 80 
77 80 
77 80 
80 
77 80 
56 77 80 
56 77 80 
56 77 80 
56 77 
56 77 
56 77 
56 72 80 
49 72 75 77 80 
49 72 75 77 80 
49 72 75 77 80 
49 72 75 77 80 
49 72 75 77 80 
49 72 75 77 80 
49 75 
77 80 
77 80 
77 80 
77 80 
77 80 
72 77 80 
72 75 
72 75 
72 75 
72 75 
72 75 
60 68 72 75 
60 65 68 72 75 
60 65 68 72 75 
60 65 68 
60 65 68 
60 65 68 
60 65 






49 68 72 77 
49 68 72 77 
49 68 72 77 
49 68 72 77 
49 68 72 77 
49 68 72 77 
49 68 72 77 
37 49 
37 
37 
37 
37 
37 
37 
37 



65 
65 68 70 
65 68 70 
65 68 70 
65 68 70 
65 68 70 
65 68 70 
60 65 68 70 
60 70 
60 
60 
60 
60 
60 
60 




49 61 
49 61 
49 61 
49 61 
49 61 
49 61 
49 61 
60 65 68 72 
60 65 68 72 
60 65 68 72 
60 65 68 72 
60 65 68 72 
60 65 68 72 
60 65 68 72 
60 






61 
61 
61 
61 
61 
61 
60 61 
60 
60 
60 
60 
60 
60 
60 




49 
49 
49 
49 
49 
49 
49 58 
49 58 65 68 70 
58 65 68 70 
58 65 68 70 
58 65 68 70 
58 65 68 70 
58 65 68 70 
58 65 68 70 
65 68 70 
70 



73 75 77 
73 75 77 
73 75 77 
73 75 77 
73 75 77 
73 75 77 
75 77 
58 77 
58 77 
58 
58 
58 
58 
58 
80 
80 
80 
80 
80 
80 
56 77 80 
56 77 80 
56 77 80 
56 77 80 
56 77 
56 77 
49 56 73 77 82 
49 56 73 82 
49 73 82 
49 73 82 
49 73 82 
49 73 82 
49 73 82 
73 82 
73 82 



73 
73 
73 
73 
73 
73 

65 
63 65 
63 65 
63 65 
63 65 
65 73 80 84 
65 73 77 80 84 
65 73 77 80 84 
73 77 80 84 
73 77 80 84 
73 77 80 84 
73 77 80 84 
51 77 84 
51 84 
51 
51 
51 
51 77 80 82 
44 51 73 77 80 82 
44 73 77 80 82 
44 73 77 80 82 
44 73 77 80 82 
44 73 77 80 82 
44 73 77 80 82 
44 73 77 80 82 
73 
73 


77 
77 
77 80 
77 80 
77 80 
80 
80 85 
80 85 
85 89 
89 
89 
89 92 
89 92 
89 92 
92 
92 97 
92 97 
97 
97 101 
97 101 
97 101 104 
97 101 104 106 
97 101 104 106 
97 101 104 106 
104 106 108 
104 106 108 
104 106 108 
106 108 
49 108 
49 108 
49 108 
49 108 
49 
49 

56 
56 
56 
56 
56 
56 60 
60 
60 
60 
60 
60 
60 






65 
65 
65 
65 
65 
65 

58 
58 
58 
58 
58 
58 

51 
51 
51 
51 
51 
51 
51 
51 
51 


73 78 82 
73 78 82 
73 78 82 
73 78 82 
73 78 82 
73 78 82 
73 78 82 
66 73 78 82 
66 
66 
66 
66 
66 
66 73 78 85 
73 78 85 
73 78 85 
73 78 85 
73 78 85 
73 78 85 
73 78 82 85 
53 78 82 85 
53 82 85 
53 82 
53 82 
53 82 
53 82 
85 
61 85 
61 85 
61 85 
61 85 
61 85 
61 85 
61 85 
61 85 



80 
73 77 80 
73 77 80 
73 77 80 
73 77 80 
73 77 80 
73 77 
61 
61 
61 
61 
61 
61 
61 82 
82 
82 
82 
82 
82 
51 
51 
51 
51 
51 
51 
51 61 73 78 82 85 
51 61 73 78 82 85 
61 73 78 82 85 
61 73 78 82 85 
61 73 78 82 85 
61 73 78 82 85 
61 73 78 82 85 
61 73 78 82 85 
73 




73 
73 
73 
73 
73 
73 
63 66 
63 66 
63 66 
63 66 
63 66 
63 66 
63 66 

82 
82 
82 
82 
82 
82 





40 52 
40 52 
40 52 
40 52 
40 52 
40 52 
40 52 
40 52 
40 52 
52 

76 79 85 
76 79 82 85 
76 79 82 85 
76 79 82 85 
76 79 82 85 
76 79 82 85 
76 79 82 85 
76 79 82 85 
64 67 76 79 82 85 
64 67 76 
64 67 
64 67 
64 67 
64 67 
64 67 
64 67 76 79 82 
64 67 76 79 82 
64 76 79 82 
76 79 82 
76 79 82 
76 79 82 
76 79 82 
53 76 79 82 
53 76 
53 



41 53 77 80 82 85 
41 53 77 80 82 85 
41 53 77 80 82 85 
41 53 77 80 82 85 
41 53 77 80 82 85 
41 53 77 80 82 85 
41 53 77 80 82 85 
41 53 77 80 82 85 
41 53 77 80 82 85 



77 80 82 
77 80 82 
77 80 82 
77 80 82 
77 80 82 
77 80 82 
65 77 80 82 
65 77 80 82 
65 
65 
65 
65 
65 
65 77 82 85 
77 80 82 85 
77 80 82 85 
77 80 82 85 
77 80 82 85 
77 80 82 85 
53 77 80 82 85 
53 80 85 
53 80 85 
53 
53 
53 
46 53 80 85 89 
46 53 80 82 85 89 
46 80 82 85 89 
46 80 82 85 89 
46 80 82 85 89 
46 80 82 85 89 
46 80 82 85 89 
80 82 87 89 
87 
87 
87 
87 
80 82 85 87 
80 82 85 87 89 
80 82 85 89 
80 82 85 89 
80 82 85 89 
80 82 85 89 
56 80 82 85 89 
56 80 85 89 
56 89 
56 89 
56 58 
56 58 
56 58 61 
56 58 61 
58 61 
58 61 65 
58 61 65 
61 65 
61 65 68 70 
65 68 70 
65 68 70 
65 68 70 

73 
73 75 
73 75 
73 75 
65 73 75 
65 73 75 80 
65 75 80 
65 75 80 
65 80 82 
65 80 82 85 
82 85 
82 85 87 
82 85 87 
82 85 87 
87 92 
87 92 
87 92 
92 94 
92 94 
94 97 
94 97 
94 97 
61 94 97 
61 97 
61 97 104 
61 97 104 
61 97 104 
61 104 106 
61 104 106 
104 106 
104 106 109 
106 109 
106 109 111 
106 109 111 
109 111 
111 113 
111 113 
111 113 
111 113 
111 113 
113 
51 113 
51 113 
51 113 
51 
51 
51 

58 
58 
58 
58 
58 

61 
61 
61 
61 
61 
61 
61 67 
67 
67 
67 
67 
67 

70 
70 
70 
70 
70 









70 
70 
70 
70 







77 
77 
77 
77 
77 
77 
77 
70 77 
70 77 
70 
70 
70 
70 
70 
80 
80 
80 
80 
80 
77 80 
51 77 80 
51 77 80 
51 77 80 
51 77 80 
51 77 
51 77 
51 58 70 73 80 
58 61 70 73 80 
58 61 70 73 80 
58 61 70 73 80 
58 61 70 73 80 
58 61 70 73 80 
58 61 70 73 80 
70 73 80 
70 80 



70 
70 
70 
70 
70 
70 

66 
66 
66 
66 
66 
66 
66 77 
66 77 
66 77 
77 
77 
77 
56 77 
56 77 
56 
56 
56 
56 
56 
56 66 68 72 80 
66 68 72 80 
66 68 72 80 
66 68 72 80 
66 68 72 80 
66 68 72 80 
68 80 







68 
68 



66 
66 
66 
66 
66 
66 
68 77 
68 77 
68 77 
68 77 
68 77 
48 77 
48 
48 
48 
48 
48 

58 63 67 
58 63 67 75 
58 63 67 75 
58 63 67 75 
58 63 67 75 
58 63 67 75 
63 67 75 
73 
73 
73 
73 
73 
73 
75 
75 
75 
75 
75 
75 
75 
75 




63 
63 
63 
63 
63 
63 
53 63 
53 
53 
53 
53 
53 

63 72 
63 65 69 72 
63 65 69 72 
63 65 69 72 
63 65 69 72 
63 65 69 






65 
65 
65 
65 
65 


63 
63 
63 
63 
63 
63 
63 65 73 
63 65 73 
65 73 
65 73 
65 73 
65 73 
53 73 
53 
53 
53 
53 
53 
53 
53 68 70 73 77 
46 53 68 70 73 77 
46 68 70 73 77 
46 68 70 73 77 
46 68 70 73 77 
46 68 70 73 77 
46 68 70 73 77 
46 68 70 73 77 
46 




68 
68 
68 
68 
68 
68 
56 68 
56 
56 
56 
56 
56 
56 58 70 73 
56 58 70 73 
58 70 73 
58 70 73 
58 70 73 
58 70 73 
58 70 73 
61 
61 
61 
61 
61 
61 
61 65 68 70 73 77 
61 65 68 70 73 77 
65 68 70 73 77 
65 68 70 73 77 
65 68 70 73 77 
65 68 70 73 77 
65 68 70 73 77 
68 70 73 77 
70 



68 
68 
68 
68 
68 
68 
68 
61 73 
61 73 
61 73 
61 73 
61 73 
61 73 
61 
61 




76 82 
70 73 76 79 82 
70 73 76 79 82 
70 73 76 79 82 
70 73 76 79 82 
70 73 76 79 82 
70 73 76 79 82 
70 73 76 79 
55 70 73 76 79 
55 
55 
55 
55 58 
55 58 
55 58 61 
58 61 
58 61 64 
58 61 64 
58 61 64 70 
61 64 70 
61 64 70 73 
64 70 73 
64 70 73 76 
64 73 76 79 
73 76 79 
76 79 
76 79 82 
76 79 82 
76 79 82 
82 85 
82 85 88 
82 85 88 
82 85 88 91 
85 88 91 
85 88 91 
88 91 94 
91 94 
91 94 97 
91 94 97 100 
94 97 100 102 
94 97 100 102 
97 100 102 
97 100 102 106 
97 100 102 104 106 
97 104 106 109 
97 104 106 109 112 
104 106 109 112 
106 109 112 
106 109 112 
109 112 
112 
112 
112 
112 










65 
65 
65 
65 
65 
65 
65 68 
68 
68 
68 
68 
68 
65 68 
65 68 
53 65 68 
53 65 
53 60 65 
53 60 63 65 
53 60 63 65 
53 60 63 65 68 
60 63 68 
60 63 68 
60 63 68 
63 68 
68 
68 
68 






68 
68 
68 
68 
68 
68 
63 68 
63 68 
63 
63 
63 
63 
63 
65 
65 
65 
65 
65 


65 
65 
65 
65 
65 
52 62 
52 62 
52 62 
52 62 
52 62 
52 62 
52 62 
62 



77 
77 
77 
77 
77 
77 
77 
77 
62 77 
62 77 
62 
62 
62 
62 
62 80 
62 80 
80 
80 
80 
77 80 
51 77 80 
51 77 80 
51 77 80 
51 77 80 
51 77 
51 77 
51 58 61 66 68 77 
51 58 61 66 68 77 
58 61 66 68 
58 61 66 68 
58 61 66 68 
58 61 66 68 
58 61 66 68 
61 66 68 





61 66 68 
61 66 68 
61 66 68 
61 66 68 
61 66 68 
61 66 68 
61 66 68 
66 68 
58 
58 
58 
58 
58 
58 61 
61 
61 
61 
61 
61 
51 
51 
51 
51 
51 
51 
51 
44 57 
44 57 
44 57 
44 57 
44 57 
44 57 
57 












51 
51 
51 
51 
51 
51 66 69 72 77 
51 66 69 72 77 
66 69 72 77 
66 69 72 77 
66 69 72 77 
66 69 72 77 
66 69 72 
56 66 69 72 
56 
56 
56 
56 
56 65 68 70 
49 56 65 68 70 73 
49 65 68 70 73 
49 65 68 70 73 
49 65 68 70 73 
49 65 68 70 73 
49 65 68 70 73 
49 65 68 70 73 
73 




61 
61 
61 
61 
61 
61 


56 61 65 70 
56 61 65 70 
56 61 65 70 
56 61 65 70 
56 61 65 70 
56 61 65 70 






61 65 72 
61 65 72 
61 65 72 
61 65 72 
61 65 72 
65 72 
60 65 72 
60 
60 
60 
60 
60 
60 




68 
61 65 68 70 
61 65 68 70 
61 65 68 70 
61 65 68 70 
65 70 


56 
56 
56 
56 
56 
56 
61 
61 
61 
61 
61 

51 
51 
51 
51 
51 
51 

44 60 64 68 
44 60 64 68 
44 60 64 68 
44 60 64 68 
44 60 64 68 
60 64 68 
60 64 




60 
60 
60 
60 
60 



56 
56 
56 
56 


64 
64 
64 
64 
64 
64 
60 64 
60 
60 
60 
60 
60 
64 
64 
64 
64 
64 
64 
64 





96 
96 
96 
96 
96 
96 
96 
96 
64 96 
64 96 
64 
64 
64 
64 
64 
64 




56 
56 
56 
56 
56 
56 


49 
49 
49 
49 
49 
49 












65 72 73 
65 68 72 73 
65 68 72 73 
65 68 72 73 
65 68 72 73 
72 
96 
96 
96 
96 
96 97 
96 97 
96 97 
96 97 
96 97 
97 
97 
44 97 
44 94 97 
44 94 97 
44 94 
44 94 
92 94 
92 94 
92 
89 92 
89 92 
89 92 
88 89 92 
88 89 
88 89 
88 89 
88 
88 
88 
88 

65 85 
65 85 
65 85 
65 85 
65 85 
85 





80 
56 80 
56 80 
56 80 
56 80 
56 80 
56 

77 84 
49 77 84 
49 77 84 
49 77 84 
49 77 84 
49 77 84 
49 84 






77 
77 
77 
77 
77 


65 
65 
65 
65 


77 
77 
77 
77 
77 


51 
51 
51 
51 


44 
44 
44 
44 
44 








77 80 84 
77 80 84 
77 80 84 
77 80 84 
77 80 84 
77 80 84 
66 77 80 84 
66 77 80 84 
66 77 80 84 
66 84 
66 
66 






56 
56 
56 
56 
56 
56 
84 
49 56 60 77 80 84 87 
49 56 60 77 80 84 87 
49 56 60 77 80 84 87 
49 56 60 77 80 84 87 
49 56 60 77 80 84 87 
49 56 60 77 80 84 87 
49 56 60 77 80 84 87 
77 80 87 



77 80 84 87 
77 80 84 87 
77 80 84 87 
77 80 84 87 
77 80 84 87 
77 80 84 87 
77 80 84 87 
72 80 84 87 
65 68 72 
65 68 72 
65 68 72 
65 68 72 
65 68 


77 80 85 
77 80 85 
77 80 85 
77 80 85 
77 80 85 
51 77 80 85 
51 
51 
51 
51 
51 
77 84 
44 73 77 84 
44 73 77 84 
44 73 77 84 
44 73 77 84 
44 77 
44 





73 82 
73 82 
73 82 
82 
82 
82 
65 
65 80 
65 80 
65 80 
65 80 
80 
80 
77 
77 
77 
77 
77 

56 73 
56 73 
56 73 
56 73 
56 73 
56 73 
73 
49 60 
49 60 65 68 72 
49 60 65 68 72 
49 60 65 68 72 
49 60 65 68 72 
49 60 65 68 72 
68 72 






65 
65 
65 
65 
65 
65 
65 
60 
60 
60 
60 
60 
60 
60 68 
68 
68 
68 
68 
68 

58 
58 
58 
58 
58 
51 58 
51 58 61 88 89 
51 61 88 89 
51 61 88 89 
51 61 88 89 
51 61 88 89 
51 61 88 89 
61 88 89 
88 89 
88 89 
88 89 


92 
92 
92 
92 
92 
92 
92 
61 92 
61 92 
61 92 
61 92 
61 

89 
89 
89 
89 
89 
89 
56 89 
56 
56 
56 
56 
56 
60 80 
49 56 60 80 
49 56 60 80 
49 56 60 80 
49 56 60 80 
49 56 60 80 
56 80 






88 89 
88 89 
88 89 
88 89 
88 89 
88 89 
88 89 
60 88 89 
60 88 89 
60 88 89 
60 
60 
60 
60 
92 
92 
92 
92 
92 
92 
51 58 61 92 
51 58 61 92 
51 58 61 92 
51 58 61 92 
51 58 61 
51 58 61 
51 58 61 
80 
80 
80 
80 
80 
80 
80 
80 




89 
89 
89 
89 
89 
89 
89 
61 89 
61 89 
61 
61 
61 

92 
92 
92 
92 
92 
92 
92 
92 
92 
92 

52 58 61 80 
52 58 61 80 
52 58 61 80 
52 58 61 80 
52 58 61 80 
52 58 61 80 
52 58 61 80 





89 
89 
89 
89 
89 
89 
89 
89 
61 
61 
61 
61 
61 
61 
61 
92 
92 
92 
92 
92 
92 
61 92 
61 92 
61 92 
61 92 
61 92 
61 
53 61 88 
53 88 89 
53 88 89 
53 88 89 
53 88 89 
53 88 89 
88 89 
88 89 
88 89 
89 
89 

94 
94 
94 
94 
94 
94 
94 
61 92 94 
61 92 94 
61 92 94 
61 92 
61 92 
61 92 
61 89 92 
89 92 
89 
89 
89 
85 89 
58 85 89 
58 85 89 
58 85 
58 85 
58 85 
58 85 
51 90 94 
51 90 94 
51 90 94 
51 90 94 
51 90 94 
51 90 94 
51 90 94 
51 58 90 
58 
58 
58 
58 
58 
85 90 94 
85 90 94 
85 90 94 
85 90 94 
85 90 94 
90 94 
63 94 
63 
63 
63 
63 
63 
63 66 
63 66 
66 
66 
66 
66 
70 
70 
70 
70 
70 
70 
70 
73 78 82 85 
73 78 82 85 
73 78 82 85 
73 78 82 85 
78 82 85 
82 85 







78 
78 
78 
78 
78 
78 
70 
70 
70 
70 
70 
70 

82 
82 
82 
82 
82 

51 
51 
51 
51 
51 
51 
44 78 81 84 87 
44 78 81 84 87 
44 78 81 84 87 
44 78 81 84 87 
44 78 81 84 87 
44 78 81 84 87 
81 84 






78 
78 
78 
78 
78 
78 
56 60 63 66 78 
56 60 63 66 
56 60 63 66 
56 60 63 66 
56 60 63 66 
56 60 63 66 
56 60 63 78 81 84 87 
60 63 78 81 84 87 
78 81 84 87 
78 81 84 87 
78 81 84 87 
78 81 84 87 
66 78 81 84 87 
66 81 84 87 
66 
66 
66 
66 
66 
56 60 63 
56 60 63 
56 60 63 
56 60 63 
56 60 63 
56 60 63 
56 60 63 
56 60 63 
56 60 63 
63 


77 89 
77 89 
77 89 
77 89 
77 89 
77 89 
77 89 
77 89 
56 60 63 66 77 80 89 92 
56 60 63 66 80 89 92 
56 60 63 66 80 92 
56 60 63 66 80 92 
56 60 63 80 92 
56 60 63 80 92 
56 60 63 80 92 
56 63 80 92 
80 92 
79 80 91 92 
79 80 91 
79 91 
79 91 
79 91 
79 91 
79 91 
79 91 
79 91 
79 91 
51 58 61 78 79 80 89 91 92 
51 58 61 78 79 80 89 92 
51 58 61 78 80 89 92 
51 58 61 78 80 89 92 
51 58 61 78 80 89 92 
51 58 61 78 80 89 92 
51 58 61 78 80 89 92 
51 58 61 78 80 89 92 
78 80 89 92 
89 

80 
80 
80 
80 
63 80 
63 66 80 
63 66 70 80 
63 66 70 80 
63 66 70 73 
63 66 70 73 
63 66 70 73 80 
63 66 70 73 80 
63 66 70 73 80 
70 73 80 85 
73 80 85 
80 85 
80 85 
80 85 89 
85 89 
85 89 
85 89 92 
89 92 
89 92 
89 92 
89 92 
56 63 89 92 
56 60 63 66 92 
56 60 63 66 92 97 99 
56 60 63 66 92 97 99 
56 60 63 66 97 99 
56 60 63 66 97 99 
56 60 63 66 97 99 100 
56 60 63 66 97 99 100 
60 97 99 100 
97 99 100 
97 99 100 101 
100 101 
100 101 
100 101 104 
100 101 104 
101 104 
101 104 
101 104 
101 104 
101 104 
66 97 104 
66 97 104 
66 97 104 
66 97 104 
66 95 97 
66 95 97 
95 97 
95 97 
94 95 97 
94 95 97 
94 97 
94 
92 94 
92 94 
92 94 
92 
60 63 92 
60 63 92 
60 63 
60 63 97 
60 63 96 97 
53 60 63 96 97 
53 60 63 95 96 97 
53 60 63 94 95 96 97 
53 93 94 95 96 97 
53 93 94 95 96 97 
53 92 93 94 95 96 97 
53 92 93 94 95 96 97 
92 93 94 95 96 
91 92 93 94 95 
91 92 93 94 95 
90 91 92 93 
90 91 92 93 
89 90 91 92 
89 90 91 
89 90 91 
88 89 90 91 
88 89 90 
87 88 89 90 
87 88 89 
87 88 89 
86 87 88 89 
86 87 88 
85 86 87 88 
85 86 87 
84 85 86 87 
84 85 86 
84 85 86 
83 84 85 86 
83 84 
81 83 84 
81 83 84 
81 82 83 84 
81 82 83 
81 82 83 
81 82 
81 
79 80 81 
58 79 80 
58 79 80 
58 79 80 
58 79 80 
58 79 80 
58 61 79 80 
58 61 80 
61 80 
61 80 
61 
61 65 
65 82 
65 82 
65 82 
65 82 
65 82 
82 
68 73 82 
68 73 75 
68 73 75 
68 73 75 
68 73 75 
68 73 
68 
77 
77 
77 
77 80 
77 80 
80 
80 
80 
58 80 82 
58 80 82 
58 82 
58 82 
58 82 
51 82 89 
51 89 
51 89 
51 89 
51 89 
51 58 89 
51 58 89 
58 89 
58 
58 
58 61 
61 85 
61 82 85 
61 82 85 
61 82 85 
82 85 
82 85 




63 
63 
63 
63 
63 
63 
63 66 
63 66 
66 
66 
66 
66 70 
66 70 
70 
70 
70 
70 
70 73 78 82 89 
73 78 82 89 
73 78 82 89 
73 78 82 89 
73 78 82 89 
73 78 82 89 
73 78 82 89 
89 



85 
85 
85 
85 
85 
85 
85 
85 
70 82 
70 82 
70 82 
70 82 
70 82 
70 82 
70 82 
82 


78 
78 
78 
78 
78 
78 
78 
78 
50 84 
50 59 78 81 84 89 
50 59 78 81 84 89 
50 59 78 81 84 89 
50 59 78 81 84 89 
50 59 78 81 84 89 
50 59 78 81 84 89 
50 59 78 81 84 89 
59 78 81 84 89 
81 89 
84 
84 
81 84 
81 84 
84 
84 



62 
62 
62 
62 
62 
62 
62 
62 
66 
66 
66 
66 
66 
66 




69 74 85 
69 74 78 81 85 
69 73 74 78 81 85 
69 73 74 78 81 85 
69 73 74 78 81 85 
69 73 74 78 81 85 
69 73 74 78 81 85 
69 74 78 81 
78 81 




74 78 83 
74 78 83 
74 78 83 
74 78 83 
74 78 83 
74 78 83 
74 78 83 
69 74 78 83 
69 74 78 81 
69 81 
69 81 
69 81 
69 81 
69 81 
69 78 81 
78 81 
78 81 
78 
78 
78 
60 74 78 
60 74 78 
60 74 
60 74 
60 74 
60 74 
60 74 
53 63 72 74 77 80 
53 63 71 72 77 80 
53 63 71 72 77 80 
53 63 71 72 77 80 
53 63 71 72 77 80 
53 63 71 72 77 80 
53 63 71 72 77 80 
63 72 77 80 
72 77 80 
72 80 



84 89 92 
84 89 92 
84 89 92 
84 89 92 
84 89 92 
84 89 92 
63 84 89 92 
63 84 89 92 
63 84 89 92 
63 
63 
63 
63 84 
63 84 
84 
84 
84 
60 84 
60 84 
60 84 
60 84 
60 
60 
60 
60 92 
52 62 80 88 92 
52 62 80 88 92 
52 62 80 88 92 
52 62 80 88 92 
52 62 80 88 92 
52 62 80 88 92 
52 62 80 88 92 
52 62 80 88 92 
62 80 88 
80 88 


80 88 92 
80 88 92 
80 88 92 
80 88 92 
80 88 92 
80 88 92 
80 88 92 
52 62 80 88 92 
52 62 80 88 92 
52 62 80 88 
52 62 80 
52 62 
52 62 
52 62 82 94 
52 62 82 91 94 
52 62 82 91 94 
62 82 91 94 
82 91 94 
82 91 94 
62 82 91 94 
62 82 94 
62 82 94 
62 82 
62 
62 
62 
51 60 62 84 96 
51 60 84 96 
51 60 84 96 
51 60 84 96 
51 60 84 96 
51 60 84 96 
51 60 84 96 
51 60 84 96 
60 84 96 
84 


84 96 
84 96 
84 96 
84 96 
84 96 
84 96 
84 96 
51 60 84 96 
51 60 84 96 
51 60 
51 60 
51 60 
51 60 
60 84 96 
60 84 96 
60 84 96 
84 96 
84 96 
84 96 
60 84 96 
60 84 96 
60 84 96 
60 96 
60 
60 
60 
50 59 84 96 
50 59 84 96 
50 59 84 96 
50 59 84 96 
50 59 84 96 
50 59 84 96 
59 84 96 
84 96 
84 96 



85 97 
85 97 
85 97 
85 97 
85 97 
85 97 
85 97 
59 97 
59 97 
59 97 
59 
59 
59 





90 94 99 
51 87 90 94 99 
51 87 90 94 99 
51 87 90 94 99 
51 87 90 94 99 
51 87 90 94 99 
51 87 90 94 99 
51 87 90 94 99 
39 87 99 
39 99 
39 
39 
39 
39 
39 
39 




51 
51 
51 
51 
51 
51 
51 
51 
51 
77 
77 
77 
63 77 
63 77 
63 
63 
63 
63 
63 66 
63 66 
66 
66 
66 
66 
66 
73 77 82 84 85 89 
73 77 82 84 85 89 
73 77 82 84 85 89 
73 77 82 84 85 89 
73 77 82 84 85 89 
73 77 82 84 85 89 
73 77 82 85 89 
73 77 82 89 
77 82 85 89 
70 77 85 
70 85 
70 85 
70 85 
70 85 
70 85 
70 85 
70 85 
66 82 
66 82 
66 82 
66 82 
66 82 
66 82 
66 82 
82 
63 77 
63 77 
63 77 
63 77 
63 77 
63 77 
63 77 
63 




51 61 66 70 77 
51 61 66 70 77 
51 61 66 70 77 
51 61 66 70 77 
51 61 66 70 77 
51 61 66 70 77 
61 70 



73 
58 73 
58 73 
58 73 
58 73 
58 73 



70 
70 
70 
70 
70 
70 
70 



66 
51 66 
51 66 
51 66 
51 66 
51 66 
51 



44 60 64 68 
44 60 64 68 
44 60 64 68 
44 60 64 68 
44 60 64 68 
60 64 68 
60 












56 65 
56 65 
56 65 
56 65 
56 65 
56 65 
56 65 68 
68 
68 
68 
68 
68 
56 65 68 
56 65 68 
56 65 68 
56 65 
56 65 
56 65 
49 56 65 
49 56 60 63 65 68 
49 60 63 68 
49 60 63 68 
49 60 63 68 
49 60 63 68 
49 60 63 68 
60 63 68 
60 63 
60 




68 
68 
68 
68 
68 
68 
68 
56 68 
56 
56 
56 
56 
56 60 
56 60 
60 
60 
60 

44 
44 
44 
44 
44 


56 
56 
56 
56 
56 
56 






58 65 
58 63 65 
58 63 65 
58 63 65 
58 63 
63 
63 
51 
51 
51 
51 
51 

58 
58 
58 
58 
58 

37 
37 
37 
37 
37 
37 
60 
49 60 63 65 
49 60 63 65 
49 60 63 65 
49 60 63 65 
49 60 63 65 
49 63 













49 
49 
49 
49 
49 
49 
60 
60 
60 
60 
60 
60 
49 
49 
49 
49 
49 
49 


44 65 
44 65 
44 65 
44 65 
44 65 
44 65 
44 65 
65 
65 



68 
68 
68 
68 
68 
68 
68 
49 68 
49 68 
49 
49 
49 
49 
65 
65 
65 
65 
65 
65 
49 65 
49 65 
49 
49 
49 
49 

37 61 65 70 
37 61 65 70 
37 61 65 70 
37 61 65 70 
37 61 65 70 
37 61 65 70 
37 61 





61 
61 
61 
61 
61 
61 
49 61 
49 
49 
49 
49 
49 
65 72 
65 72 
65 72 
65 72 
65 72 
72 
72 
49 
49 
49 
49 
49 
49 
61 65 68 70 
44 61 65 68 70 
44 61 65 68 70 
44 61 65 68 70 
44 61 65 68 70 
44 61 65 68 70 
44 





61 
61 
61 
61 
61 


44 
44 
44 
44 
44 


61 
61 
61 
61 


44 
44 
44 
44 



37 
37 
37 
37 
37 







61 
61 
61 
61 
61 
61 
49 
49 
49 




61 
61 
61 
61 
61 
39 61 
39 
39 
39 
39 
39 
39 
39 51 61 66 70 
39 51 61 66 70 
51 61 66 70 
51 61 66 70 
51 61 66 70 
51 61 66 70 
51 61 66 70 
51 61 66 70 
51 61 66 70 



73 
73 
73 
73 
73 
73 
73 
51 73 
51 73 
51 73 
51 
51 
51 
51 
51 70 
70 
70 
70 
70 
70 
37 70 73 
37 70 73 
37 70 73 
37 73 
37 73 
37 73 
37 73 
37 49 61 73 
49 61 65 68 73 
49 61 65 68 
49 61 65 68 
49 61 65 68 
49 61 65 68 
61 65 68 




61 
61 
61 
61 
61 
61 
61 

49 
49 
49 
49 
49 
49 
49 76 
49 76 77 
49 76 77 
76 77 
76 77 
76 77 
39 76 77 
39 76 77 
39 76 77 
39 76 77 
39 77 
39 77 
39 61 70 73 
39 51 61 66 70 73 
51 61 66 70 73 
51 61 66 70 73 
51 61 66 70 73 
51 61 66 70 73 
51 61 66 70 73 
51 61 66 70 73 
51 61 66 











51 
51 
51 
51 
51 
51 61 70 
51 61 70 
51 61 70 
61 70 
61 70 
61 70 
61 70 
39 70 
39 
39 
39 
39 
39 
39 61 67 70 
39 40 52 61 67 70 73 
40 52 61 67 70 73 
40 52 61 67 70 73 
40 52 61 67 70 73 
40 52 61 67 70 73 
40 52 61 67 70 73 
40 52 61 67 70 73 
52 61 67 70 73 
52 









40 52 
40 52 
40 52 
40 52 
40 52 
40 52 67 
40 52 61 67 70 
40 52 61 67 70 
40 52 61 67 70 
52 61 67 70 
61 67 70 
61 67 70 
40 52 61 67 70 
40 52 61 70 
40 52 61 
40 52 
40 52 
40 52 
40 52 
40 52 
40 41 52 53 65 68 70 73 
40 41 52 53 65 68 70 73 
41 53 65 68 70 73 
41 53 65 68 70 73 
41 53 65 68 70 73 
41 53 65 68 70 73 
41 53 65 68 70 73 
41 53 65 68 70 73 
53 65 68 70 73 
68 70 

65 68 70 
65 68 70 
65 68 70 
65 68 70 
65 68 70 
65 68 70 
65 68 70 
53 65 68 70 
53 65 68 70 
53 
53 
53 
53 
53 65 68 70 73 
53 65 68 70 73 
65 68 70 73 
65 68 70 73 
65 68 70 73 
65 68 70 73 
65 68 70 73 
51 53 65 68 70 73 
51 53 65 68 70 73 
51 53 
51 53 
51 53 
51 53 
51 68 70 73 77 
41 68 70 73 77 
41 68 70 73 77 
41 68 70 73 77 
41 68 70 73 77 
41 68 70 73 77 
41 68 70 73 75 77 
41 68 70 73 75 77 
41 68 73 75 
75 
75 
75 
68 70 73 75 77 
68 70 73 75 77 
68 70 73 77 
68 70 73 77 
68 70 73 77 
68 70 73 77 
68 70 73 77 
46 68 70 73 77 
46 68 70 73 77 
46 68 73 
46 
46 
46 53 
46 53 
46 53 
53 
53 
53 
53 58 
58 
58 
58 
58 
58 
58 

61 
61 
61 65 
61 65 
61 65 
61 65 68 
61 65 68 
61 65 68 
65 68 70 
68 70 
68 70 
68 70 73 
68 70 73 
70 73 75 
70 73 75 
73 75 
75 
75 80 
75 80 
75 80 
75 80 82 
80 82 
65 80 82 85 
65 80 82 85 
65 82 85 92 
65 82 85 92 
85 92 
85 92 94 
92 94 97 99 
92 94 97 99 
92 94 97 99 
92 94 97 99 104 
97 99 104 
97 99 104 
97 104 106 109 
97 104 106 109 
104 106 109 
104 106 109 113 
51 104 106 109 113 
51 106 109 113 
51 106 109 113 
51 109 113 
51 113 
51 113 
51 113 
58 113 
58 113 
58 113 
58 
58 
58 
61 
61 
61 
61 
61 

67 
67 
67 
67 
67 
67 

70 
70 
70 
70 
70 
70 

70 
70 
70 
70 



73 
73 
73 







77 
77 
77 
77 
77 
77 
77 
77 
70 77 
70 
70 
70 
70 
70 
80 
80 
80 
80 
80 
80 
56 77 80 
56 77 80 
56 77 80 
56 77 
56 77 
56 77 
56 77 
66 80 
66 80 
66 80 
66 80 
66 80 
66 80 
80 
80 



68 
68 72 
68 72 
68 72 
68 72 
68 72 


63 
63 
63 
63 
63 
63 
63 68 
63 68 
68 
68 
68 
68 
68 72 
68 72 
72 
72 
72 
72 
66 68 72 77 
66 68 72 77 
66 68 77 
66 68 77 
66 68 77 
66 68 77 
66 68 77 
68 77 
68 77 


68 72 80 
68 72 80 
68 72 80 
68 72 80 
68 72 80 
68 72 80 
68 72 80 
68 72 80 
63 68 72 80 
63 
63 
63 
63 
63 
63 
63 77 
63 77 
77 
77 
77 
77 
55 77 
55 
55 
55 
55 
55 
48 55 58 63 67 75 
48 58 63 67 75 
48 58 63 67 75 
48 58 63 67 75 
48 58 63 67 75 
48 58 63 67 75 
48 58 63 67 73 75 
63 67 73 75 
63 67 73 75 
73 
73 
73 
75 
75 
75 
75 
75 
75 
75 
58 75 
58 
58 
58 
58 
58 
58 63 
63 
63 
63 
63 
63 
53 63 
53 
53 
53 
53 
53 
53 63 65 72 
63 65 69 72 
63 65 69 72 
63 65 69 72 
63 65 69 72 
63 65 69 72 
63 65 69 72 
63 69 





65 
65 
65 
65 
65 
65 
63 65 
63 
63 
63 
63 
63 
63 65 
63 65 69 73 
63 65 69 73 
63 65 69 73 
65 69 73 
65 69 73 
65 69 73 
46 65 69 73 
46 69 73 
46 73 
46 
46 
46 
46 58 68 70 73 77 
46 58 68 70 73 77 
46 58 68 70 73 77 
58 68 70 73 77 
58 68 70 73 77 
58 68 70 73 77 
58 68 70 73 77 
58 68 70 73 77 
68 70 73 



68 
68 
68 
68 
68 
68 
68 
58 
58 
58 
58 
58 
58 
58 
58 61 
58 61 
61 
61 
61 
61 
61 68 70 73 
61 68 70 73 
68 70 73 
68 70 73 
68 70 73 
68 70 73 
68 70 73 
65 
65 68 70 77 
65 68 70 77 
65 68 70 77 
65 68 70 77 
65 68 70 77 
65 68 70 77 
68 70 77 
68 77 


68 
68 
68 
68 
68 
68 
68 
68 


73 
73 
73 
73 
73 
73 
73 
73 




61 
61 
61 
61 
61 





76 79 
70 73 76 79 82 
70 73 76 79 82 
70 73 76 79 82 
70 73 76 79 82 
70 73 76 79 82 
70 73 76 79 82 
70 73 76 79 82 
55 70 
55 
55 
55 
55 
55 
55 58 
58 
58 
58 
58 
58 61 
58 61 
61 
61 64 
61 64 
61 64 
64 
64 70 
64 70 
64 70 
64 70 73 
70 73 
70 73 
70 73 76 
76 
76 79 
76 79 
76 79 82 
76 79 82 
76 79 82 
79 82 
79 82 85 
82 85 
82 85 88 
82 85 88 
85 88 91 
85 88 91 
85 88 91 
91 94 
91 94 
91 94 
91 94 
94 97 
94 97 
94 97 
97 
97 100 
97 100 
97 100 
97 100 
97 100 106 
100 106 
100 106 
106 
106 
106 
106 
109 
109 
109 
109 
109 


112 
112 
112 
112 
112 
112 
112 




























65 
65 
65 
65 
65 
65 
65 68 
65 68 
65 68 
68 
68 
68 
65 68 
65 68 
65 68 
65 
65 
65 
51 60 65 
51 60 65 66 68 
51 60 66 68 
51 60 66 68 
51 60 66 68 
51 60 66 68 
66 68 
66 68 
68 






68 
68 
68 
68 
68 
68 
68 

60 
60 
60 
60 
60 
60 


50 59 
50 59 
50 59 
50 59 
50 59 
50 59 
50 59 

65 
65 
65 
65 
65 
65 
65 


68 
68 
68 
68 
68 
68 
68 
65 68 
65 
65 
65 
65 
51 65 
51 65 
51 
51 58 
51 58 
51 58 61 66 68 
58 61 66 68 
58 61 66 68 
58 61 66 68 
58 61 66 68 
66 68 
66 68 


68 
68 
68 
68 
68 
68 
68 



58 
58 68 
58 68 
58 68 
58 68 
58 68 
68 
68 



61 
61 
61 
61 
61 
61 







44 60 
44 60 
44 60 
44 60 
44 60 
44 60 









56 
56 
56 
56 
56 










































50 
50 
50 60 66 
50 60 66 
50 60 66 69 72 
50 60 66 69 72 77 
60 66 69 72 77 
60 66 69 72 77 
69 72 77 
69 72 77 
77 







































37 49 72 
37 49 65 68 72 75 
37 49 65 68 72 75 
37 49 65 68 72 75 
37 49 65 68 72 75 
37 49 65 68 72 75 
37 49 65 68 72 75 
37 49 65 68 72 75 
37 49 65 68 72 75 
65 68 75 





49 
49 
49 
49 
49 
49 56 
49 56 
56 
56 
56 
56 60 
56 60 
60 
60 
60 95 
60 95 
60 95 
60 95 
95 
104 
104 
104 
101 104 
101 104 
101 104 
96 101 104 
96 101 104 
96 101 104 
96 101 
96 
96 
96 
96 
92 
92 
92 
89 92 
89 
89 
89 
89 92 
89 92 
92 
92 
92 
92 

84 
84 
84 
84 85 
84 85 
85 
85 
84 85 
84 85 
80 84 85 
80 84 
77 80 84 
77 80 84 
77 80 85 
77 80 85 
77 85 
85 
85 
80 
80 
80 
80 
80 
80 
77 
77 
77 
77 
72 77 
72 77 
72 
72 77 
72 77 
72 77 
72 74 77 
74 77 
72 74 77 
72 77 
68 
68 
68 
68 
68 72 
68 72 
68 72 
72 
68 72 
68 72 
68 72 
65 68 
65 68 
65 
65 
65 70 
65 70 
70 
70 
70 
70 
69 70 
69 
69 
69 
69 
68 69 
68 69 
68 
67 68 
67 68 
67 68 
67 
67 
66 67 
66 67 
66 
65 66 
65 66 
66 

64 
64 
64 
64 
50 64 
50 59 62 64 
50 59 62 64 
50 59 62 
50 59 62 
50 59 62 
59 62 
61 62 
61 62 
61 
61 
61 
61 
60 61 
60 61 
60 
60 
60 
60 
60 


57 
57 
57 
57 
57 
57 
57 
37 57 
37 57 
37 
37 
37 
37 
37 49 
37 49 68 
37 49 60 63 65 68 
