





















































































































































































































































































82 
72 82 
72 82 
72 82 
72 82 
72 82 83 
72 82 83 
83 
83 
73 82 83 
73 82 83 
73 82 83 
73 82 83 
73 82 
73 82 
73 82 
82 






















80 
80 
80 
80 
80 82 
80 82 
80 82 
82 
82 
74 80 82 
74 80 82 
74 80 82 
74 80 82 
74 80 82 
80 

































78 
75 78 
75 78 
75 78 
75 78 
































75 
75 
68 72 75 
68 72 75 
68 72 75 
68 72 75 


















78 
78 
78 
78 










82 
82 
82 
82 
82 




















73 80 
71 73 78 80 
71 73 75 78 80 
71 75 78 80 
71 75 




































71 











61 
61 
61 
61 





































73 
68 73 
58 68 73 
58 68 73 
73 
73 
73 
















77 
77 
77 
77 
77 








80 
80 
80 
80 
80 
80 
80 

















76 
52 62 68 73 76 
52 62 68 73 76 
52 62 68 73 76 
52 62 68 73 76 
52 62 68 73 76 
52 68 73 76 











































61 
61 67 71 78 
51 61 67 71 78 
51 61 67 71 78 
51 61 67 71 78 
51 61 67 71 78 
51 71 




















70 
66 70 75 
56 66 70 72 75 
56 66 70 72 75 
56 66 72 75 
56 66 
































57 
57 










76 
60 66 71 76 
60 66 71 76 
50 60 66 71 76 
50 60 66 71 76 
66 71 76 
76 




















73 
65 70 73 
65 70 73 
65 70 73 
70 73 






59 
59 
59 
59 
























85 
82 85 
82 85 
82 85 
82 85 
82 85 
82 85 
82 85 
85 
85 


49 
49 
49 
49 
49 








81 84 
81 84 
81 84 
81 84 
81 84 
81 84 
42 81 84 
42 
42 
42 83 
42 80 83 
42 80 83 
80 83 
80 83 
80 83 
80 83 
80 83 





49 
49 82 
49 58 78 82 
49 58 78 82 
49 58 78 82 
58 82 
82 
82 
82 


















77 81 85 89 
77 81 85 89 
77 81 85 89 
77 81 85 89 
81 85 89 







71 
69 71 
63 65 69 71 
63 65 69 71 
63 65 69 71 
63 69 71 
































37 
37 
37 
37 
37 
























83 
83 
83 
83 
83 
83 



71 81 87 
63 69 71 81 87 
63 69 71 81 87 
63 65 69 71 75 77 81 87 
63 65 69 75 77 81 83 87 
63 65 69 75 77 81 83 87 
75 83 87 
83 87 




















78 85 
78 85 
73 78 80 82 85 
73 75 80 82 85 
73 75 82 85 





46 
46 
46 
46 
46 























73 
73 
73 
73 
73 
73 




61 70 
61 66 70 
61 63 66 70 
63 66 























72 78 84 
72 78 81 84 
72 78 81 84 
78 81 
81 







45 60 
45 60 
45 60 
45 60 
45 60 






















72 
72 
72 
72 









60 69 
60 66 69 
60 66 69 
66 69 
66 





















71 
63 71 
63 71 
63 71 
63 71 








83 
66 71 78 83 
56 66 71 78 80 83 
56 66 71 78 80 83 
56 66 71 78 80 83 
56 66 71 78 80 83 
56 66 71 78 80 83 
56 66 71 78 80 83 
66 78 80 83 
80 83 
















64 73 76 82 
55 64 73 76 82 
55 64 73 76 82 
55 64 73 76 82 
55 64 73 76 82 
55 64 73 76 82 
55 64 73 76 82 
64 73 76 82 
64 73 76 82 
82 
82 


83 
78 83 
66 75 78 83 
56 66 75 78 83 
56 66 75 78 83 
56 66 75 78 83 
56 66 75 78 83 
56 66 78 83 
66 83 
83 

















82 
73 82 
73 82 
73 82 
73 82 
82 
82 
82 





78 83 
75 78 83 
68 75 78 83 
68 75 78 83 
68 75 78 83 
61 68 75 78 83 
61 68 83 
61 68 83 



















75 80 
71 75 80 
59 71 75 77 80 
59 71 75 77 80 
49 59 71 75 77 80 
49 59 71 75 80 
59 80 
59 














































63 66 71 
63 66 71 
56 63 66 71 
56 63 66 71 
56 63 66 71 
56 63 66 71 
66 71 
66 71 
71 















64 70 
55 64 70 
55 61 64 70 
55 61 64 70 
55 61 64 70 
61 64 70 
61 64 70 
64 






66 
56 63 66 71 
56 63 66 71 
56 63 66 71 
56 63 66 71 
56 63 66 71 
63 

















55 64 70 
55 64 70 
55 64 70 
55 61 64 70 
61 64 70 
61 64 








66 71 
56 63 66 71 
56 63 66 71 
56 63 66 71 
56 63 66 71 
56 63 66 
63 




















59 65 68 
59 63 65 68 
49 59 63 65 68 
49 59 63 65 68 
49 59 68 
59 





































51 
51 
51 
51 
51 
51 







44 
44 
44 
44 
44 
44 


















84 91 
84 86 91 
84 86 91 
84 86 91 
84 86 91 
84 86 91 
84 86 91 
86 91 





71 92 
71 87 92 
63 68 71 83 87 92 
63 66 68 71 83 87 92 
63 66 68 71 83 87 92 
63 66 68 71 83 87 92 
66 68 71 83 87 92 
66 68 83 87 92 































37 
37 92 
37 83 87 89 92 
37 83 87 89 92 
37 83 87 89 92 
83 87 89 92 
83 87 89 92 
83 87 89 92 
83 87 92 
92 
92 















89 
83 85 89 
80 83 85 89 
80 83 85 89 
80 83 85 89 
80 83 85 89 
80 83 85 89 
80 83 85 89 
83 85 
83 85 

75 
68 75 
65 68 71 75 
65 68 71 75 
68 71 75 
71 






















87 
87 
87 
87 89 
87 89 
89 
89 
89 
89 
89 
87 
66 75 83 87 
66 68 71 75 78 83 87 
66 68 71 75 78 83 87 
66 68 71 75 78 83 87 
66 68 71 75 78 83 87 
66 68 71 78 83 
83 
83 















66 
66 
66 
66 












56 
56 
56 
56 
56 




















77 81 89 
75 77 81 89 
75 81 85 89 
75 85 
85 
85 
85 





























59 
59 
59 
59 
59 
59 
59 
59 





49 
49 
49 
49 
49 




















49 
49 
49 
49 
49 








42 
42 
42 
42 
42 
42 
42 


















66 70 75 
66 70 75 
66 70 75 
66 70 75 
66 70 75 
66 70 75 
66 70 75 
66 70 75 
70 75 
70 75 
75 
65 74 
65 69 74 
65 69 74 
65 69 74 
65 69 74 
65 69 74 
69 74 
69 74 
69 

75 
66 70 75 
66 70 75 
66 70 75 
66 70 75 
66 70 75 
66 70 75 




74 
69 74 
65 69 74 
65 69 74 
65 69 74 
65 69 74 
69 74 







75 
66 70 75 
66 70 75 
66 70 75 
66 70 75 
66 70 75 
66 70 75 
















73 
61 68 73 
61 68 73 
61 68 73 
61 68 73 
61 68 73 
61 68 73 
68 73 
68 73 
68 




58 
58 
58 
58 70 
58 70 
58 70 
70 

















54 













82 87 
82 87 
78 80 82 87 
78 80 82 87 
78 80 82 87 
78 80 82 87 
78 80 82 87 
78 80 82 87 
80 82 87 
80 82 87 











81 86 
81 86 
81 86 
77 81 86 
77 81 86 
77 81 86 
77 81 86 
77 81 86 
81 86 







78 82 87 
78 82 87 
78 82 87 
78 82 87 
78 82 87 
78 82 
















86 
81 86 
77 81 86 
77 81 86 
77 81 86 
77 81 86 
81 86 
81 






87 
78 87 
78 82 87 
78 82 87 
78 82 87 
78 82 87 
78 82 87 
78 82 87 














85 
85 
85 
85 
85 87 
85 87 
85 87 
87 
87 
87 

85 
85 
85 
85 
49 58 
49 58 82 
49 58 82 
49 58 82 
49 58 82 
82 
82 
82 
82 




78 
78 
78 
78 
78 
78 
78 
78 

56 
56 
56 
56 
56 
56 
56 
56 






51 61 
51 61 
51 61 
51 61 
51 61 
51 61 
51 61 
61 
















75 79 84 87 
73 75 79 84 87 
73 75 79 84 87 
73 75 79 84 87 
73 79 84 87 
73 79 84 87 
73 84 87 
84 





67 70 
67 70 
67 70 
61 67 70 
61 67 70 
61 67 


































74 86 
46 74 83 86 
46 74 80 83 86 
46 74 80 83 86 
46 74 80 83 86 
46 80 83 86 
80 




















79 87 
73 75 79 82 87 
73 75 79 82 87 
73 75 79 82 87 
73 82 87 
82 87 




67 70 
67 70 
61 67 70 
61 67 70 
61 63 67 70 
63 67 
63 

































76 80 85 88 
39 76 80 83 85 88 
39 76 80 83 85 88 
39 76 80 83 85 88 
39 76 80 83 85 88 
39 76 80 83 85 88 
39 76 80 83 85 88 
76 83 88 
76 83 88 
83 88 


















79 87 
75 79 83 87 
75 79 83 87 
75 79 83 87 
75 79 83 87 
83 87 
83 
83 

71 
61 71 
61 67 71 
61 67 71 
63 67 
63 67 



























58 






51 61 79 82 85 
51 61 73 79 82 85 
51 61 73 79 82 85 
51 61 79 82 85 
61 79 82 85 
82 85 




















70 79 
70 73 79 
70 73 79 
70 73 79 
70 






67 
64 67 
61 64 67 
61 64 67 
64 
64 






















44 
44 
44 
44 
44 
44 51 
44 51 
51 
51 
51 
51 66 
51 66 
66 68 
60 66 68 
60 66 68 69 
60 66 68 69 
60 66 68 69 
60 66 68 69 70 
60 66 68 69 70 
60 68 69 70 
60 68 69 70 
60 68 69 70 
69 70 
69 70 
70 
70 
70 
70 










75 
75 
75 
75 
75 
75 
75 
75 
75 
75 
75 


69 
69 
69 70 
69 70 
69 70 
70 
70 
70 
70 
70 
70 















75 
75 
75 
75 
75 
75 
70 75 
70 
70 
70 
70 
70 75 
75 
75 

61 70 
61 70 
51 61 66 70 
51 61 66 70 
51 61 66 70 
51 66 70 
51 70 
































61 67 
52 61 67 69 
52 61 67 69 
52 61 67 69 
52 61 67 69 
52 61 
52 





















68 
66 68 
66 68 
66 68 
68 






60 
60 
51 60 
51 60 
51 
51 



































70 72 80 
66 70 72 77 80 
60 66 70 72 77 80 
60 66 70 72 77 80 
60 66 72 77 80 
60 66 77 80 
66 80 






















63 
63 
63 
63 
63 





66 
66 73 
58 66 70 73 
58 66 70 73 
58 66 70 73 
58 66 70 73 
70 73 
73 































74 
59 65 69 74 
59 65 69 74 
59 65 69 74 
59 65 69 74 
59 65 69 74 

































66 70 75 
60 66 70 75 
60 66 70 75 
60 66 70 
60 66 70 



















70 
70 
70 
70 
70 
70 
70 






70 72 75 80 
68 70 72 75 80 
63 66 68 70 72 75 80 
63 66 68 70 72 75 80 
63 66 68 70 72 75 80 
63 66 68 70 72 75 80 
63 66 68 70 72 75 80 
63 66 68 70 72 75 80 
63 66 68 70 72 75 80 
68 80 














72 
72 
72 
72 
72 
72 
72 








72 84 
60 72 78 80 84 
51 60 72 78 80 84 
51 60 72 78 80 84 
51 60 72 78 80 84 
51 60 72 78 80 84 
51 72 78 80 84 
51 72 78 80 84 


















78 87 
75 78 82 87 
73 75 78 82 87 
73 75 78 82 87 
73 75 78 82 87 
73 78 82 87 
73 78 82 87 
73 82 87 
73 87 



70 
66 70 
61 66 70 
61 63 66 70 
61 63 66 70 
61 63 66 70 
66 70 




















44 
44 
44 
44 
44 
44 
44 
44 




51 84 92 
51 60 78 80 84 87 89 92 
51 60 78 80 84 87 89 92 
51 60 78 80 84 87 89 92 
60 78 80 84 87 89 92 
60 78 80 84 87 89 92 
60 78 80 84 87 89 92 
60 78 80 84 87 89 92 
60 78 80 87 89 92 
60 78 80 87 92 
60 92 












46 
46 
46 
46 
46 
46 
46 
46 








61 
61 
61 
61 
61 
61 
61 
61 
61 
61 
61 


79 91 
79 91 
79 91 
79 91 
79 91 
79 91 
79 91 
47 79 91 
47 79 91 
47 91 
47 86 92 
47 80 86 92 
47 80 86 92 
47 80 86 92 
47 80 86 92 
47 80 86 92 
80 86 92 
80 86 92 
80 86 92 
92 



62 
56 62 
56 62 
54 56 62 
54 56 62 
54 56 62 
54 56 62 
54 56 62 
56 62 
62 
62 
62 












84 89 
77 84 89 
77 84 89 
77 84 89 
77 84 89 
77 84 89 
77 84 89 
77 84 89 
48 77 84 89 
48 
48 
48 
48 
48 
48 
48 

56 63 
56 63 
56 63 
63 
63 
63 
63 
63 
63 
63 
63 












77 80 
49 77 80 
49 77 80 
49 77 80 
49 77 80 
49 77 80 
49 80 
49 80 
49 
49 




63 78 87 
63 75 78 83 87 
56 63 75 78 83 87 
56 63 75 78 83 87 
56 63 75 78 83 87 
56 63 75 78 83 87 
63 75 78 83 87 
63 75 78 83 87 
63 75 78 83 87 
63 75 78 83 87 
63 83 














73 85 
73 85 
73 85 
73 85 
73 85 
73 85 
73 85 
73 85 
85 



66 71 78 87 
63 66 71 78 83 87 
63 66 68 71 78 83 87 
63 66 68 71 78 83 87 
63 66 68 71 78 83 87 
63 68 71 78 83 87 
63 68 71 78 83 87 
63 68 78 83 87 
83 87 
83 87 
















73 
73 85 
73 85 
73 85 
73 85 
73 85 
85 
85 





79 87 
64 70 79 87 
64 67 70 79 87 
64 67 70 75 79 87 
64 67 70 75 79 87 
64 67 70 75 79 87 
64 70 75 79 87 
64 87 
87 
















67 
67 
67 
67 
67 










70 73 79 
61 64 67 70 73 79 
61 64 67 70 73 79 82 
61 64 67 70 79 82 
61 67 70 
61 




















61 71 75 78 80 85 
61 66 71 73 75 78 80 85 
61 66 68 71 73 75 78 80 85 
61 66 68 71 73 78 80 85 
61 66 68 71 73 78 80 85 
66 68 73 85 
66 68 85 
85 































85 
85 
85 
85 
85 
85 
85 
85 
85 



49 
49 97 
49 90 92 94 97 
49 90 92 94 97 
49 90 92 94 97 
90 92 94 97 
90 92 94 97 
90 92 94 97 
90 92 94 97 





85 
85 
85 
85 
85 
85 
85 
85 





97 
90 92 97 
90 92 97 
90 92 94 97 
90 92 
90 92 







60 93 96 
51 60 93 96 
51 60 93 96 
51 60 93 96 
51 93 96 
93 96 
93 96 







84 
84 
84 
84 







96 
96 











61 
53 61 95 
53 61 92 95 
53 61 92 95 
53 61 92 95 
61 92 95 
92 95 
92 95 





83 
83 
83 
83 
83 
83 





42 
42 95 
42 92 95 
42 92 95 
42 92 95 
42 92 95 
92 
92 






49 58 94 
49 58 90 94 
49 58 90 94 
49 58 90 94 
49 90 94 
90 94 
90 94 
90 




















93 
89 93 101 
89 93 97 101 
89 93 97 101 
89 93 97 101 
89 97 101 
97 101 





71 
69 71 
63 65 69 71 
63 65 69 71 
63 65 69 71 
63 65 69 

































37 
37 
37 
37 
37 
























95 
95 
95 
95 
95 
95 




71 
71 87 99 
63 69 71 87 93 99 
63 65 69 71 87 93 95 99 
63 65 69 71 87 93 95 99 
63 65 69 87 93 95 99 
87 93 95 99 
93 95 99 




















96 
93 96 
93 96 
93 96 
93 96 
93 96 






46 
46 94 97 
46 94 97 
46 85 94 97 
46 85 94 97 
85 94 97 
85 94 97 
97 




















90 









61 
61 90 
61 63 85 90 97 
61 63 85 90 97 
61 63 85 90 97 
63 85 
85 
85 





















96 
84 90 96 
84 90 96 
84 90 96 







60 
45 60 
45 60 
45 60 
45 60 
45 




















90 
90 
90 
90 
90 
90 
90 
90 
90 




69 72 84 96 
63 69 72 84 96 
63 66 69 72 84 96 
63 66 69 72 84 96 
63 66 69 84 96 
63 84 96 
84 96 
84 















44 
44 
44 92 95 
44 83 90 92 95 
44 83 90 92 95 
44 83 90 92 95 
44 83 90 92 95 
83 90 92 95 
83 90 92 95 
83 90 92 95 
83 90 92 95 
83 95 
95 



51 59 
51 59 
51 59 
51 59 
51 59 
51 59 
51 59 
59 
















94 
82 94 
82 94 
82 94 
82 94 
82 94 
82 94 
82 94 
94 




71 87 95 
71 83 87 90 95 
68 71 83 87 90 95 
63 66 68 71 83 87 90 95 
63 66 68 71 83 87 90 95 
63 66 68 71 83 87 90 95 
63 66 68 71 83 90 95 
63 66 68 71 90 95 
68 95 
95 















94 
82 94 
82 94 
82 94 
82 94 
82 94 
94 
94 




49 95 
49 59 95 
49 59 83 89 95 
49 59 83 89 95 
49 59 83 89 95 
49 59 83 89 95 
83 89 95 
95 


















92 
71 77 83 92 
71 73 77 83 92 
71 73 77 83 89 92 
71 73 77 83 89 92 
73 77 83 92 
73 77 83 92 
73 83 92 
83 






























82 
82 
82 
82 
82 
82 
82 
82 
82 




71 78 83 
66 71 78 83 
56 66 71 78 83 
56 66 71 78 83 
56 66 71 78 83 
56 66 71 78 83 
56 66 71 78 83 
56 66 71 78 83 
66 71 78 83 
66 78 83 
83 















82 
82 
82 
82 
82 
82 
82 
82 




83 
58 67 71 73 79 83 
58 67 71 73 79 83 
58 67 71 73 79 83 
58 67 71 73 79 83 
58 67 71 73 79 83 
58 67 71 73 79 83 
58 67 71 73 79 83 
67 79 83 
67 83 
83 















82 
82 
82 
82 
82 
82 
82 
82 
82 
82 


83 
68 71 78 83 
59 68 71 78 83 
59 66 68 71 78 83 
59 66 68 71 78 83 
59 66 68 71 78 83 
59 66 68 71 78 83 
59 66 68 78 83 
66 78 83 
83 
83 













80 
75 77 80 
75 77 80 
75 77 80 
75 77 80 
75 77 80 
75 77 80 
75 80 
75 80 
75 77 80 




68 
65 68 71 
61 65 68 71 
61 65 68 71 
61 65 68 71 
61 65 68 71 
61 68 71 
61 68 71 
71 


















56 
56 
56 
56 
56 
56 
56 
56 
56 





44 
44 
44 
44 
44 
44 
44 
44 
44 
44 
44 

















66 
66 
66 
66 68 
66 68 
66 68 
66 68 
66 68 71 
66 68 71 
68 71 78 80 
71 78 80 
71 75 78 80 83 
71 75 78 80 83 87 
71 75 78 80 83 87 92 
75 78 80 83 87 92 
75 78 80 83 87 92 
75 78 80 83 87 92 
75 78 83 87 92 
75 83 87 92 
75 83 87 92 
75 83 87 92 
87 92 
87 92 
92 
92 













68 
68 
68 71 
68 71 
68 71 
68 71 73 
68 73 
68 73 
68 73 80 
73 80 
73 80 83 
73 77 80 83 
73 77 80 83 85 
77 80 83 85 89 
77 80 83 85 89 92 
77 80 83 85 89 92 
77 83 85 89 92 
77 83 85 89 92 
85 89 92 
85 89 92 
85 89 92 
85 89 92 
92 
92 
92 













65 
65 
65 68 
65 68 
65 68 
65 68 
65 68 
68 71 
71 77 
71 77 
71 77 
71 73 77 80 
71 73 77 80 
71 73 77 80 
73 80 83 
73 80 83 85 
73 80 83 85 89 
73 80 83 85 89 
73 80 83 85 89 
73 83 85 89 
83 85 89 
83 85 89 
83 85 89 
83 85 89 
85 89 












63 
63 
63 
63 
63 
63 66 
63 66 
66 
66 68 
66 68 
66 68 75 
68 75 
68 71 75 
68 71 75 78 
68 71 75 78 
71 75 78 
71 75 78 
71 78 83 
71 78 83 
71 78 83 87 
78 83 87 
83 87 
83 87 
83 87 
83 87 
83 87 
87 
87 

























66 
66 
49 66 
49 66 
49 66 
49 66 
66 




68 
68 
68 
68 
68 
68 
68 
68 


71 
71 
71 
71 
71 
71 
71 
71 75 
71 75 
75 
75 
75 
75 
75 
75 
75 



65 77 
48 57 63 65 69 77 
48 57 63 65 69 77 
48 57 63 65 69 77 
48 57 63 65 69 77 
48 63 65 69 77 
63 
63 

































47 
47 
47 
47 
47 
47 
47 





















53 
53 
53 
53 74 
74 
74 
74 
74 
74 
77 
77 
77 
74 
46 74 
46 58 65 70 
46 58 65 70 
46 58 65 70 
46 58 65 70 
46 70 
70 



















62 65 
62 65 
62 65 
62 65 
62 65 
62 65 
62 65 
62 65 
62 65 
65 























63 
63 
60 63 
60 63 
60 63 
60 63 65 
60 63 65 
60 65 
65 
65 
65 
63 
63 
63 
63 


62 
62 
58 62 
58 62 
58 62 
58 62 
62 



















72 75 
72 75 
72 75 
72 75 
72 75 
72 75 
72 75 
72 75 
72 75 
75 
75 



74 
74 77 
74 77 
74 77 
74 77 
74 77 
74 77 
74 














75 
75 
72 75 
72 75 
72 75 77 
72 77 
72 77 
72 77 
77 




75 



70 74 
70 74 
70 74 
70 74 
70 74 
70 74 
70 74 
74 















87 
84 87 
84 87 
84 87 
84 87 
84 87 
84 87 
84 87 
84 87 
84 87 
87 




86 
86 89 
86 89 
86 89 
86 89 
86 89 
86 89 
86 89 













87 
84 87 
84 87 
84 87 
84 87 
84 87 
84 89 
84 89 
89 
89 
89 


87 
87 
87 


82 
82 86 
82 86 
82 86 
82 86 
82 86 
82 
82 


















80 82 
80 82 
62 80 82 
52 60 62 80 82 
52 60 62 80 82 
52 60 62 80 82 
52 60 62 80 82 
52 62 80 82 
52 62 80 82 
52 62 82 
52 82 






























58 
58 
58 
58 
58 
58 
58 






73 75 79 87 
61 73 75 79 87 
51 61 73 75 79 87 
51 61 73 75 79 85 87 
51 61 73 75 79 85 87 
51 61 73 75 79 85 87 
51 61 73 75 79 85 87 
51 61 73 75 79 85 87 
51 61 73 75 79 87 
51 61 73 75 79 87 
51 61 73 75 79 87 
51 61 
51 

























73 
62 68 73 76 
52 62 68 73 76 
52 62 68 73 76 
52 62 68 73 76 
52 62 68 73 76 
52 62 68 73 76 
52 62 68 73 76 
52 62 68 73 76 
52 62 68 73 76 
52 68 76 
76 




























65 67 75 
51 61 65 67 75 
51 61 65 67 75 
51 61 65 67 75 
51 61 65 67 75 
51 61 65 67 75 
51 61 67 75 
51 61 67 75 
61 75 































74 78 80 85 88 
64 74 78 80 85 88 
64 74 78 80 85 88 
64 74 78 80 85 88 
64 74 78 80 85 88 
64 74 78 80 85 88 
64 74 78 80 85 88 
64 74 78 80 85 88 
64 74 78 80 85 88 
64 74 78 80 85 88 
64 74 85 88 



























79 
73 79 85 87 
63 73 79 85 87 
63 73 79 85 87 
63 73 79 85 87 
63 73 79 85 87 
63 73 79 85 87 
63 73 79 85 87 
63 73 87 





























62 73 76 
52 62 66 68 73 76 
52 62 66 68 73 76 
52 62 66 68 73 76 
52 62 66 68 73 76 
52 62 66 68 73 76 
52 62 66 68 73 76 
52 62 66 68 73 76 
52 62 66 68 73 76 
52 62 66 68 73 76 
52 66 68 73 76 
66 68 



























67 75 
61 65 67 72 75 
51 61 65 67 72 75 
51 61 65 67 72 75 
51 61 65 67 72 75 
51 61 65 67 72 75 
51 61 65 67 72 75 
51 61 65 72 75 
51 61 75 


















71 
71 
61 63 70 71 
61 63 70 71 
61 63 70 71 
61 63 70 71 
61 63 70 71 
71 
71 



39 51 
39 51 
39 51 
39 51 
39 51 
39 51 
39 51 
39 51 
39 70 
70 
70 
70 
70 












44 
44 
44 
44 
44 
44 
44 
44 
44 
44 
44 



32 
32 
32 
32 
32 
32 
32 
32 
32 
32 
32 














68 72 80 
68 72 80 
68 72 80 
68 72 80 
68 72 80 
68 72 80 
68 72 80 
68 72 80 
68 72 80 
68 72 80 
80 


60 66 68 72 84 
60 66 68 72 84 
60 66 68 72 84 
60 66 68 72 84 
60 66 68 72 84 
60 66 68 72 84 
60 66 68 72 84 
66 68 72 84 
66 68 72 84 
68 84 





























39 87 
39 75 80 87 
39 75 80 87 
39 75 80 87 
39 75 80 87 
39 75 80 87 
39 75 80 87 
39 75 80 87 
75 80 87 
75 80 87 















90 
78 82 85 90 
78 82 85 90 
78 82 85 90 
78 82 85 90 
78 82 85 90 
78 82 85 90 
78 82 85 90 
78 82 85 90 
78 82 85 90 
82 85 


61 70 
61 63 66 70 
61 63 66 70 
61 63 66 70 
61 63 66 70 
61 63 66 70 
61 63 66 70 
63 66 70 
63 66 70 


















44 
44 
44 
44 
44 
44 
44 
44 





84 
51 80 84 87 92 
51 60 80 84 87 92 
51 60 80 84 87 92 
51 60 80 84 87 92 
51 60 80 84 87 92 
51 60 80 84 87 92 
51 60 80 84 87 92 
51 60 80 84 87 92 
60 80 84 87 92 
60 80 87 92 
60 92 
60 













46 
46 
46 
46 
46 
46 
46 
46 






61 82 85 90 94 
61 82 85 90 94 
61 82 85 90 94 
61 82 85 90 94 
61 82 85 90 94 
61 82 85 90 94 
61 82 85 90 94 
61 82 85 90 94 
61 82 85 90 94 
61 82 85 90 94 
82 94 












47 
47 
47 
47 
47 
47 
47 
47 54 
54 
54 
54 
54 



56 62 
56 62 92 
54 56 62 80 86 92 
54 56 62 80 86 92 
54 56 62 80 86 92 
54 56 62 80 86 92 
56 62 80 86 92 
56 62 80 86 92 
56 62 80 86 92 
62 80 86 92 
62 80 86 92 
62 92 
















48 
48 
48 
48 
48 
48 
48 
48 




84 90 
63 78 84 90 
57 63 78 84 90 
57 63 78 84 90 
55 57 63 78 84 90 
55 57 63 78 84 90 
55 57 63 78 84 90 
57 63 84 90 
57 63 90 
57 63 
63 














56 
56 
56 
56 
56 
56 
56 
56 





49 58 
49 58 
49 58 
49 58 
49 58 
49 58 
49 58 
49 58 
49 58 
58 
58 














85 90 94 
82 85 90 94 
82 85 90 94 
82 85 90 94 
82 85 90 94 
82 85 90 94 
82 85 90 94 
82 85 90 94 
82 85 90 94 
82 85 90 94 
82 85 94 
82 

70 
61 70 
61 63 66 70 
61 63 66 70 
61 63 66 70 
61 63 66 70 
61 63 66 70 
61 63 66 70 
63 66 70 
66 




















89 
89 
89 
89 
89 
89 
89 





50 59 86 89 92 
50 59 80 86 89 92 
50 59 80 86 89 92 
50 59 80 86 92 
50 59 80 86 92 
50 59 80 86 92 
50 86 




















85 90 
78 85 87 90 
78 85 87 90 
78 85 87 90 
78 85 87 90 
78 85 87 90 
78 85 87 




61 
51 61 
51 61 
51 61 
51 61 
51 61 
51 61 
51 




















51 
51 
51 
51 
51 
51 







87 
44 78 82 84 87 
44 78 82 84 87 
44 78 82 84 87 
44 78 82 84 87 
44 78 82 84 87 
44 78 82 84 87 
44 78 82 84 87 
82 84 87 
82 87 
















86 
86 
86 
86 
86 
86 
86 
86 





81 84 87 
78 81 84 87 
60 66 78 81 84 87 
60 66 70 78 81 84 87 
60 66 70 78 81 84 87 
60 66 78 81 84 87 
60 66 78 87 
60 66 


















76 88 
76 88 
76 88 
76 88 
76 88 
76 88 
76 88 
76 88 
88 


49 
49 
49 59 77 89 
49 59 77 83 89 
49 59 77 83 89 
59 77 83 89 
83 89 
83 89 
83 
83 


















77 
77 83 85 
77 83 85 
61 77 83 85 
61 65 77 83 85 
61 65 77 83 85 
61 65 83 
65 
65 
65 



























70 80 85 90 
70 76 80 85 90 
70 76 80 85 90 
70 76 80 85 90 
70 76 80 85 90 
70 76 80 85 90 
70 76 80 85 90 
70 76 80 85 90 
70 76 80 85 90 
76 






89 
69 75 79 84 89 
69 75 79 84 89 
69 75 79 84 89 
69 75 79 84 89 
69 75 79 84 89 
75 79 84 
75 















68 74 88 
68 74 78 83 88 
68 74 78 83 88 
68 74 78 83 88 
68 74 78 83 88 
68 74 78 83 88 
68 74 78 83 88 
78 83 88 
83 88 






87 
67 73 77 87 
67 73 77 82 87 
67 73 77 82 87 
67 73 77 82 87 
67 73 82 87 
67 73 82 87 
73 82 

















66 76 86 
66 72 76 81 86 
66 72 76 81 86 
66 72 76 81 86 
66 72 76 81 86 
66 72 76 81 86 
66 72 76 81 86 
66 72 76 81 86 
72 76 81 86 
76 81 

























71 75 80 85 
65 71 75 80 85 
65 71 75 80 85 
65 71 75 80 85 
65 71 75 80 85 
65 71 75 80 85 
65 71 75 80 85 
65 71 75 80 85 
71 75 80 85 
85 



























64 74 84 
64 70 74 79 84 
64 70 74 79 84 
64 70 74 79 84 
64 70 74 79 84 
64 70 74 79 84 
64 70 74 79 
64 70 








69 78 83 
63 69 73 78 83 
63 69 73 78 83 
63 69 73 78 83 
63 69 73 78 83 
63 69 73 83 
63 

































62 66 72 
62 66 72 81 
62 66 72 81 
62 66 72 81 
62 66 72 81 
66 81 
66 
66 


















82 
61 71 75 82 
61 71 75 82 
61 71 75 82 
61 71 75 82 
61 71 75 82 
61 71 75 82 
82 





























59 
59 
59 
59 
59 
59 
59 
59 






49 
49 
49 
49 
49 
49 
49 




















61 
61 
61 
61 
61 
61 
61 
61 
61 
61 




42 
42 
42 
42 
42 
42 
42 
































58 
58 
58 
58 
58 
58 
58 
58 

















63 
63 
63 
63 
63 
63 
63 
63 
63 
63 
63 
63 
37 
37 
37 
37 
37 
37 64 
37 64 
64 
64 
64 
64 
64 
64 65 
64 65 
64 65 
65 
65 
65 
65 
























59 
59 
59 
59 
59 
59 
59 














63 
63 
63 
63 
63 65 
63 65 
63 65 
65 


63 
63 
63 
63 
63 
63 

42 
42 61 
42 61 
42 61 
42 61 
61 
61 
61 
61 















66 
66 
66 
66 
66 
66 
66 
66 





70 
70 
70 
70 
70 
70 
70 





73 
73 
73 
73 
73 
73 
73 



72 
72 
72 
72 
72 
72 
72 
72 






57 69 
57 69 
57 69 
57 69 
57 69 
69 




66 
66 
66 
66 
66 
66 







63 
63 
63 
63 
63 








45 60 
45 60 
45 60 
45 60 
45 60 
45 60 





57 
57 
57 
57 
57 
57 





54 
54 
54 
54 
54 
54 
54 
54 




44 
44 
44 
44 
44 
44 
44 
44 
44 
44 















68 71 
68 71 
68 71 
68 71 
68 71 
68 71 
68 71 
68 71 
68 71 
68 71 


67 70 
67 70 
67 70 
67 70 
67 70 
67 70 
67 70 
67 70 
67 


71 
68 71 
68 71 
68 71 
68 71 
68 71 
68 71 
68 
68 



67 70 
67 70 
67 70 
67 70 
67 70 
67 70 
67 70 
67 





71 
68 71 
49 68 71 
49 68 71 
49 68 71 
49 68 71 
49 68 71 
68 
68 
















37 65 68 
37 65 68 
37 65 68 
37 65 68 
37 65 68 
37 65 68 
37 65 68 
37 68 
68 





























67 73 82 
67 73 82 
67 73 82 
67 73 82 
67 73 82 
67 73 82 
67 73 82 
67 73 82 
67 73 82 
82 



68 
68 83 
68 75 83 
68 75 83 
68 75 83 
68 75 83 
68 75 83 
75 83 
75 83 
83 
83 


67 82 
67 82 
67 82 
67 82 
67 82 
67 82 
67 82 
82 



83 
68 83 
68 83 
68 83 
68 83 
68 83 
68 83 
68 83 
83 


67 
67 75 82 
67 75 82 
67 75 82 
67 82 
67 82 
67 82 
82 
82 



83 
68 83 
68 83 
68 83 
68 83 
68 83 




67 
67 
67 82 
67 82 
67 82 
67 82 
67 82 
82 







68 78 83 
68 78 83 
68 75 78 83 
68 75 78 83 
68 75 78 83 




















75 80 
61 65 75 80 
61 65 71 75 80 
61 65 71 75 80 
61 65 71 75 80 
71 80 































56 
56 
56 
56 
56 
56 
56 
56 







44 
44 
44 
44 
44 
44 
44 
44 


















68 
68 
68 
68 
68 
68 
68 
68 
68 
68 
68 
68 
63 
63 
59 63 
59 63 
59 63 
59 63 
59 63 
59 63 
63 















67 
67 
67 
67 
67 
67 
67 
67 
67 
67 






37 68 
37 68 
37 68 
37 68 
37 68 
37 68 
68 
68 
68 







65 
65 
65 
65 
65 
65 
65 68 
68 
68 
68 
68 
68 
65 68 
65 
65 
65 
65 




61 
59 61 
59 61 
59 61 
59 61 
59 61 
59 61 
59 61 
















62 
62 
62 
62 
62 
62 
62 






44 
44 63 
44 63 
44 63 
44 63 
63 
63 






66 
66 
66 
66 
66 
66 





71 
71 
71 
71 
71 
71 
71 





59 75 
59 75 
59 75 
59 75 
59 75 
59 75 
75 
75 




63 
63 
63 
63 
63 
63 





64 
64 
64 
64 
64 
64 
64 
64 
64 




49 65 
49 65 
49 65 
49 65 
49 65 
65 
65 






70 
70 
70 
70 
70 
70 
70 
70 


73 
73 
73 
73 
73 
73 
73 
73 





69 77 
59 69 77 
59 69 77 
59 69 77 
59 69 77 
59 69 77 
59 69 77 



















49 
49 
49 
49 
49 
49 
49 







70 75 
42 66 70 75 
42 66 70 75 
42 66 70 75 
42 66 70 75 
42 66 70 75 
42 66 70 75 
70 75 
75 















73 
73 
73 
73 
73 
73 
73 
73 






75 
61 66 70 75 
61 63 66 70 75 
61 63 66 70 75 
61 63 66 70 75 
61 63 66 70 75 
63 70 75 
63 


















85 
85 
85 
85 
85 
85 
85 
85 






49 87 
49 58 78 82 87 
49 58 78 82 87 
49 58 78 82 87 
58 78 82 87 
78 82 87 
82 87 
82 87 

















85 
85 
85 
85 
85 
85 
85 
85 




61 70 
61 70 
61 66 70 82 
61 66 70 82 
61 66 70 82 
61 66 70 82 
66 82 
66 82 
66 82 
82 














78 
78 
78 
78 
78 
78 
78 
78 






78 99 
70 78 90 94 99 
70 73 75 78 90 94 99 
70 73 75 78 90 94 95 99 
70 73 75 78 90 94 95 99 
70 73 75 78 90 94 99 
70 73 75 90 94 99 
70 73 75 90 94 99 
73 75 94 99 
94 99 
99 
99 














97 
97 
97 
97 
97 
97 
97 





73 82 99 
73 78 82 90 99 
73 75 78 82 90 99 
73 75 78 82 90 99 
73 75 78 82 90 99 
73 75 78 82 90 99 
73 75 78 82 90 99 
75 82 90 99 
75 90 99 
99 















97 
97 
97 
97 
97 
97 
97 
97 





85 102 106 111 
75 78 82 85 102 106 111 
75 78 82 85 102 106 111 
75 78 82 85 102 106 111 
75 78 82 85 102 106 111 
75 78 82 85 102 106 111 
75 78 82 85 102 106 111 
82 85 106 111 
82 111 
82 111 
111 













109 
109 
109 
109 
109 
109 
109 
109 




73 82 
73 75 78 82 106 
73 75 78 82 106 
73 75 78 82 106 
73 75 78 82 106 
73 75 78 82 106 
73 75 78 82 106 
106 
106 
106 














102 
102 
102 
102 
102 
102 
102 
102 
102 




63 
63 67 73 
63 67 73 
63 67 73 
63 67 73 
63 67 73 
63 67 73 
63 67 73 
63 67 73 
63 67 73 
73 















87 91 99 
73 75 82 87 91 99 
73 75 79 82 87 91 99 
73 75 79 82 87 91 99 
73 75 79 82 87 91 99 
73 75 79 82 87 91 99 
73 75 79 82 87 91 99 
73 75 79 82 87 91 99 
73 75 79 82 87 91 99 
73 75 79 82 87 91 99 
73 79 82 87 91 99 
82 99 










































80 86 92 98 
74 76 80 86 92 98 
71 74 76 80 86 92 98 
71 74 76 80 86 92 98 
71 74 76 80 86 92 98 
71 74 76 80 86 92 98 
71 74 76 80 86 92 98 
74 76 80 86 92 98 
76 86 92 98 
92 98 




























91 99 
79 87 91 99 
70 79 87 91 99 
70 75 79 87 91 99 
70 73 75 79 87 91 99 
70 73 75 79 87 91 99 
70 73 75 79 87 91 99 
70 73 75 79 87 91 99 
73 87 99 
99 
99 





























76 88 92 100 
68 74 76 88 92 100 
68 74 76 88 92 100 
68 74 76 88 92 100 
68 74 76 88 92 100 
68 74 76 88 92 100 
68 74 88 92 100 
74 92 100 
100 





























67 91 99 
67 75 87 91 99 
67 73 75 87 91 99 
67 73 75 87 91 99 
67 73 75 87 91 99 
67 73 87 99 
73 87 99 
99 































74 97 
74 85 92 97 
64 74 85 92 97 
64 74 85 92 97 
64 70 92 97 
64 70 92 
64 70 
68 70 































73 82 91 
63 73 82 85 91 
63 67 73 82 85 91 
63 67 73 82 85 91 
63 67 73 85 
67 73 
67 



















44 
44 
44 
44 
44 
44 
44 51 
51 
51 
51 
51 



60 
60 
60 
60 
60 
60 
60 
60 
60 
60 














94 
90 94 
90 94 
90 94 
90 94 
90 94 
90 94 
90 94 
90 94 
90 94 
70 
70 
66 70 
60 66 70 82 
60 66 70 82 
60 66 70 82 
60 66 70 82 
60 66 70 82 
66 82 
82 
82 
82 


81 
81 
81 
81 
81 
81 
81 





80 
80 
80 
80 
80 
80 
80 
80 



39 92 
39 92 
39 92 
39 89 92 
39 89 92 
39 89 92 
89 92 
92 






80 
80 
80 
80 
80 
80 
80 




79 
79 
79 
79 
79 
79 





60 70 
60 66 70 78 
60 66 70 78 
60 66 70 78 
60 66 70 78 
60 66 70 78 
66 70 78 
78 
78 




90 
90 
87 90 
87 90 
87 90 
87 90 






77 
77 
77 
77 
77 
77 
44 77 
44 
44 
44 
44 
44 
44 75 
51 75 
51 75 
51 60 75 
51 60 75 
60 75 
60 75 
60 75 
60 75 
60 
60 


84 87 
84 87 
84 87 
84 87 
84 87 
84 87 
84 87 





75 
75 
75 
75 
75 
75 
75 





66 70 73 
60 66 70 73 
60 66 70 73 
60 66 70 73 
60 66 70 73 
60 70 73 
60 73 


















82 85 
82 85 
82 85 
82 85 
82 85 
82 85 
82 85 
82 






72 
60 72 
60 72 
51 60 72 
51 60 72 
51 72 
































66 
66 70 
60 66 70 
60 66 70 
60 66 70 
60 66 70 
60 70 
70 


















78 82 
78 82 
78 82 
78 82 
78 82 
78 82 







51 68 
44 51 68 
44 51 68 
44 51 68 
44 51 68 
44 



















72 80 
72 80 
72 80 
72 80 
72 80 
72 80 
72 80 
72 80 
72 80 
80 



60 66 
60 66 
60 66 
60 66 
60 66 
60 66 
60 66 
66 

































66 68 72 
51 60 66 68 72 
51 60 66 68 72 
51 60 66 68 72 
51 60 66 68 72 
51 60 66 68 72 
51 60 66 68 72 
51 60 66 68 72 
51 60 66 68 72 
66 68 72 
68 





























61 71 75 
52 61 67 71 75 
52 61 67 71 75 
52 61 67 71 75 
52 61 67 71 75 
52 61 67 71 75 
52 67 71 75 
52 67 71 75 
75 






























80 
60 68 72 80 
60 66 68 72 80 
51 60 66 68 72 80 
51 60 66 68 72 80 
51 60 66 72 80 
51 66 80 
51 
51 






























77 
62 68 71 74 77 
62 68 71 74 77 
53 62 68 71 74 77 
53 62 68 71 74 77 
62 71 74 
74 

































63 70 
54 63 70 
54 63 66 70 
54 63 66 70 
54 63 66 70 
66 70 

































72 
60 66 69 72 
56 60 66 69 72 
56 60 66 69 72 
56 60 66 69 72 
56 60 69 

































49 59 
49 59 
49 59 
49 59 
49 59 
49 59 
49 59 
59 




















66 68 71 75 
66 68 71 75 
66 68 71 75 
66 68 71 75 
66 68 71 75 
66 68 71 75 
66 68 71 75 
66 68 71 75 
66 68 71 75 
68 71 75 
68 71 75 
75 













70 73 
70 73 
70 73 
70 73 
70 73 
70 73 75 
70 73 75 
70 71 73 75 
71 75 
71 75 
71 75 
71 75 
71 75 
71 
71 
73 
70 73 
70 73 
70 73 
70 73 
70 73 
70 73 
70 
75 
67 75 
64 67 75 
64 67 75 
64 67 75 
64 67 75 
64 67 75 
64 67 75 
64 67 75 
64 67 
64 
















67 75 
64 67 70 75 
64 67 70 75 
64 67 70 75 
64 67 70 75 
64 67 70 75 
64 67 70 75 
64 67 70 75 
64 67 70 75 
64 67 70 75 
64 67 70 75 
64 70 



























67 
67 
64 67 70 
64 67 70 
64 67 70 
64 67 70 
64 67 70 
64 67 70 
70 
70 
70 




63 66 71 73 
63 66 71 73 
63 66 71 73 
63 66 71 73 
63 66 71 73 
63 66 71 73 
63 66 71 73 
63 66 71 73 
63 66 71 73 
63 66 71 73 
63 66 71 73 















71 
71 
71 
71 
71 
71 
71 
71 







63 66 71 73 
63 66 71 73 
63 66 71 73 
63 66 71 73 
63 66 71 73 
63 66 71 73 
63 66 71 73 
63 66 71 73 
63 66 71 73 
63 66 71 73 
63 66 73 
















71 
71 
71 
71 
71 
71 
71 
71 
71 






52 62 66 68 73 
52 62 66 68 73 
52 62 66 68 73 
52 62 66 68 73 
52 62 66 68 73 
52 62 66 68 73 
52 62 66 68 73 
52 62 66 68 73 
66 68 73 
68 73 
68 73 















66 68 71 
66 68 71 
66 68 71 
66 68 71 
66 68 71 
66 68 71 
66 68 71 
66 68 71 
66 68 71 
68 71 
71 

62 
52 62 
52 62 
52 62 
52 62 
52 62 
52 62 
52 62 
52 62 
52 62 
52 62 
52 














45 72 84 
45 72 84 
45 72 84 
45 72 84 
45 72 84 
45 72 84 
45 72 84 
45 72 84 
72 84 
72 84 





52 61 81 85 
52 61 73 78 81 85 
52 61 73 78 81 85 
52 61 73 78 81 85 
52 61 73 78 81 85 
52 61 73 78 81 85 
52 61 73 78 81 85 
73 78 85 
73 85 






























64 69 73 
64 66 69 73 
64 66 69 73 
64 66 69 73 
64 66 69 73 
64 66 69 73 
64 66 69 73 
64 66 73 
73 


















80 84 88 92 
80 84 88 92 
80 84 88 92 
80 84 88 92 
80 84 88 92 
80 84 88 92 
80 84 88 92 
80 84 88 92 
80 84 88 92 
80 84 88 92 
80 84 88 92 

40 
40 
40 
40 
40 
40 
40 
40 
40 
40 
















79 91 
79 91 
79 91 
79 91 
79 91 
79 91 
79 91 
79 91 
79 91 
79 91 



78 84 90 
62 68 72 78 84 88 90 
62 68 72 78 84 88 90 
62 68 72 78 84 88 90 
62 68 72 78 84 88 90 
62 68 72 78 84 88 90 
62 68 72 78 84 88 90 
62 68 72 78 84 88 90 
62 68 72 78 84 88 90 
68 72 88 90 
72 88 














49 
49 
49 77 89 
49 77 89 
49 77 89 
49 77 89 
49 77 89 
49 77 89 
77 89 
77 89 
77 89 




76 88 
64 76 88 
64 76 88 
64 76 88 
64 76 88 
64 76 80 88 
64 76 80 88 
64 76 88 
64 76 88 
64 76 88 
64 76 88 
64 76 88 














81 93 
81 93 
81 93 
81 93 
81 93 
81 93 
81 93 
81 93 
81 93 
81 93 
81 93 
64 69 73 
64 66 69 73 
64 66 69 73 
64 66 69 73 
64 66 69 73 
64 66 69 73 
64 66 69 73 
64 66 69 73 
64 66 69 73 
66 73 
73 















48 76 88 
48 76 88 
48 76 88 
48 76 88 
48 76 88 
48 76 88 
48 76 88 
76 88 
76 88 
76 88 
76 88 


63 
57 63 75 87 
57 63 75 81 84 87 
57 63 75 81 84 87 
57 63 75 81 84 87 
57 63 75 81 84 87 
57 63 75 81 84 87 
57 63 75 81 84 87 
75 81 87 
75 87 
















93 
81 93 
81 93 
81 93 
81 93 
81 93 
81 93 
81 93 
81 




72 
69 72 
63 69 72 
63 66 69 72 
63 66 69 72 
63 66 69 72 
69 




















75 84 87 
75 84 87 
75 81 84 87 
75 81 84 87 
75 81 84 87 
75 81 84 87 
75 81 84 87 
75 






47 57 74 81 86 
47 57 74 81 86 
47 57 74 81 86 
47 57 74 81 86 
47 57 74 81 86 
47 86 
86 



















73 85 
73 85 
73 85 
73 85 
73 85 
73 85 
73 85 
73 85 




86 
81 86 
62 69 71 74 81 86 
62 66 69 71 74 81 86 
62 66 69 71 74 81 86 
62 66 69 71 74 81 86 
66 69 71 74 81 86 
66 69 71 81 86 
66 71 86 


















73 85 
73 85 
73 85 
73 85 
73 85 
73 85 
73 85 
73 




86 
40 74 80 86 
40 74 80 86 
40 74 80 86 
40 74 80 86 
40 74 80 86 
40 74 80 86 
40 80 86 
40 



















83 
78 80 83 
78 80 83 
71 78 80 83 
71 78 80 83 
71 83 
71 83 





62 
62 66 
62 66 68 
62 66 68 
62 66 68 
62 66 68 
66 68 

















73 
73 
73 
73 
73 
73 
73 
73 
73 
73 



62 66 69 74 
62 66 69 74 
62 66 69 74 
62 66 69 74 
62 66 69 74 
62 66 69 74 
69 74 
74 
74 
74 


71 
71 
71 
71 
71 
71 
71 
71 
71 




74 
74 
74 
74 
74 
74 
74 
74 
74 



66 71 76 
66 69 71 76 
66 69 71 76 
66 69 71 76 
69 71 76 
69 71 76 
76 
76 
76 



78 
78 
78 
78 
78 
78 
78 
78 



81 
81 
81 
81 
81 
81 
81 
81 
81 


74 
64 74 80 
64 74 78 80 
64 74 78 80 
64 74 78 80 
64 74 78 80 
64 74 78 80 
64 74 78 80 
80 

















83 
83 
83 
83 
83 
83 
83 
83 
83 




68 
68 86 
59 62 64 68 86 
59 62 64 68 86 
59 62 64 68 86 
59 62 64 68 86 
62 64 68 86 
64 86 
86 
86 
















88 
88 
88 
88 
88 
88 
88 
88 
88 





47 86 92 
47 56 80 86 88 92 
47 56 80 86 88 92 
47 56 80 86 88 92 
47 56 80 86 88 92 
47 56 86 88 92 
47 56 88 92 



















90 95 
83 90 92 95 
83 90 92 95 
83 90 92 95 
83 90 92 95 
83 90 92 95 
83 90 92 95 
83 90 92 95 
83 90 92 95 
83 90 92 95 
83 90 92 95 
83 92 95 
62 71 83 
62 66 68 71 
62 66 68 71 
62 66 68 71 
62 66 68 71 
62 66 68 71 
62 66 68 71 
71 




















92 
92 
92 
92 
92 
92 
92 
92 




40 83 90 92 95 
40 83 90 92 95 
40 83 90 92 95 
40 83 90 92 95 
40 83 90 92 95 
40 83 90 92 95 
40 83 90 92 95 
40 83 90 92 95 
40 83 90 92 95 
83 90 95 
83 95 





























62 66 71 
62 66 71 
62 66 71 
62 66 71 
62 66 71 
62 66 71 
62 66 71 
62 66 71 
62 66 71 
71 















80 86 88 92 
47 80 86 88 92 
47 80 86 88 92 
47 80 86 88 92 
47 80 86 88 92 
47 80 86 88 92 
47 80 86 88 92 
47 80 86 88 92 
47 80 86 88 92 
47 80 86 88 92 
54 80 86 88 92 
54 92 
54 
54 86 90 
83 86 90 
62 83 86 90 
62 83 86 90 
62 83 86 90 
62 83 86 90 
62 83 86 90 
62 83 86 90 
62 83 86 90 
62 83 90 
62 83 
62 












78 
78 
78 
78 
78 
78 
78 
78 
78 
78 




69 71 83 
62 69 71 83 
62 66 69 71 83 
62 66 69 71 83 
62 66 69 71 83 
62 66 69 71 83 
62 66 69 71 83 
62 66 69 71 83 
66 69 71 83 
66 71 83 















44 86 
44 86 
44 86 
44 86 
44 86 
44 86 
44 86 
44 51 86 
44 51 86 
51 86 
51 
51 
51 
51 60 84 87 
51 60 78 80 84 87 92 
51 60 78 80 84 87 90 92 
60 78 80 84 87 90 92 
60 78 80 84 87 90 92 
60 78 80 84 87 90 92 
60 78 80 84 87 90 92 
60 78 80 84 87 90 92 
60 78 80 84 87 90 92 
60 78 80 84 87 90 92 
60 78 80 90 92 
60 














79 91 
79 91 
79 91 
79 91 
79 91 
79 91 
79 91 
79 91 
79 91 
79 91 



70 84 90 
60 66 70 78 84 87 90 
60 66 70 78 84 87 90 
60 66 70 78 84 87 90 
60 66 70 78 84 87 90 
60 66 70 78 84 87 90 
60 66 70 78 84 87 90 
60 66 70 78 84 87 90 
66 70 90 
















56 
56 
56 
56 











49 59 77 83 85 89 
49 59 77 83 85 89 
49 59 77 83 85 89 
49 59 77 83 85 89 
49 59 77 83 85 89 
49 59 77 83 85 89 
49 59 77 83 85 89 
49 59 77 83 85 89 
49 59 77 83 85 89 
59 77 83 85 89 
59 83 85 







67 
67 
67 
67 69 
67 69 
69 70 
69 70 73 77 80 
69 70 73 77 80 
69 70 73 77 80 
69 70 71 73 77 80 
69 70 71 73 77 80 
69 70 71 73 77 80 
69 70 71 73 77 80 
70 71 73 77 80 
70 71 73 77 80 
71 73 77 80 
71 73 80 
71 
71 
71 















69 78 
69 72 75 78 
69 72 75 78 
69 72 75 78 
69 72 75 78 
69 72 75 78 
69 75 78 
69 75 
69 













68 71 77 
68 71 73 77 
68 71 73 77 
68 71 73 77 
68 71 73 77 
68 71 73 77 
68 71 73 77 
68 71 73 77 
68 71 73 
68 71 73 









81 
81 
81 
81 
81 82 
81 82 
81 82 
81 82 83 85 89 92 
82 83 85 89 92 
82 83 85 89 92 
82 83 85 89 92 
82 83 85 89 92 
82 83 85 89 92 
82 83 85 89 92 
83 85 89 92 
83 85 89 92 
83 85 89 92 
83 85 92 
83 92 















81 90 
81 90 
81 84 87 90 
81 84 87 90 
81 84 87 90 
81 84 87 90 
81 84 87 90 
81 84 87 90 
87 90 
87 












80 85 89 
80 85 89 
80 85 89 
80 85 89 
80 85 89 
80 85 89 
80 85 89 
80 85 89 
80 85 








93 
93 
93 
93 
93 94 
93 94 
93 94 104 
93 94 97 101 104 
94 95 97 101 104 
94 95 97 101 104 
93 94 95 97 101 104 
93 94 95 97 101 104 
93 94 95 97 101 104 
94 95 97 101 104 
95 97 101 104 
95 97 101 104 
95 97 
95 
95 


















102 
93 99 102 
93 96 99 102 
93 96 99 102 
93 96 99 102 
93 96 99 102 
93 96 99 102 
93 96 99 
93 








92 95 97 101 
92 95 97 101 
92 95 97 101 
92 95 97 101 
92 95 97 101 
92 95 97 101 
92 95 97 101 
92 95 97 101 
92 95 97 
92 95 97 
97 













59 
59 
59 
59 
59 
59 
59 
59 






49 
49 
49 
49 
49 
49 
49 
49 
49 
49 













49 
49 
49 
49 
49 
49 
49 
49 
49 
49 
49 




80 82 87 90 
42 78 80 82 87 90 
42 78 80 82 87 90 
42 78 80 82 87 90 
42 78 80 82 87 90 
42 78 80 82 87 90 
42 78 80 82 87 90 
42 78 80 82 87 90 
42 78 80 82 87 90 
42 78 80 82 87 90 
42 78 80 82 87 90 
78 82 






























67 81 83 88 91 
67 71 77 81 83 86 88 91 
67 71 77 81 83 86 88 91 
67 71 77 81 83 86 88 91 
67 71 77 81 83 86 88 91 
67 71 77 81 83 86 88 91 
67 71 77 81 83 86 88 91 
67 71 77 81 83 86 88 91 
71 81 83 86 88 91 
81 83 86 88 91 
81 83 86 88 91 




























90 
66 76 87 90 
66 76 80 82 85 87 90 
66 76 80 82 85 87 90 
66 76 80 82 85 87 90 
66 76 80 82 85 87 90 
66 76 82 85 87 90 
66 76 82 85 90 
85 






























69 79 
55 69 71 74 76 79 
55 65 69 71 74 76 79 
55 65 69 71 74 76 79 
55 65 69 71 74 76 79 
55 65 69 71 74 76 79 
55 65 69 71 74 76 79 
55 65 69 71 74 76 79 
55 65 69 71 74 76 79 
55 65 69 71 74 76 79 
55 65 69 71 74 76 
65 71 76 




























64 68 70 75 78 
54 64 68 70 73 75 78 
54 64 68 70 73 75 78 
54 64 68 70 73 75 78 
54 64 68 70 73 75 78 
54 64 68 70 73 75 78 
54 64 68 73 78 
54 64 73 78 
64 






























64 
43 53 59 64 67 
43 53 59 64 67 
43 53 59 64 67 
43 53 59 64 67 
43 53 59 64 67 
43 53 59 64 67 
43 53 59 64 67 
43 53 59 64 67 
43 59 64 67 
59 64 67 
59 64 67 




























42 52 58 63 66 
42 52 58 63 66 
42 52 58 63 66 
42 52 58 63 66 
42 52 58 63 66 
42 52 58 63 66 
42 52 58 63 66 
42 52 58 63 66 
52 58 63 66 
52 
















68 70 73 
68 70 73 
68 70 73 
68 70 73 
68 70 73 
68 70 73 
68 70 73 
68 70 73 
68 70 73 
68 73 


64 
54 64 
54 64 
54 64 
54 64 
54 64 
54 64 
54 64 
54 64 
54 64 
64 
64 













85 
80 82 85 
80 82 85 
80 82 85 
80 82 85 
80 82 85 
80 82 85 
80 82 85 
80 82 85 
80 82 85 
80 82 85 
80 82 85 


47 57 75 78 81 83 
47 57 75 78 81 83 
47 57 75 78 81 83 
47 57 75 78 81 83 
47 57 75 78 81 83 
47 57 75 78 81 83 
47 57 75 78 81 83 
47 57 75 78 81 83 
47 57 75 78 81 83 
75 78 81 83 
83 















83 
83 
83 
83 
83 
83 
83 
83 
83 
83 


87 
63 69 71 75 81 87 
63 66 69 71 75 81 87 
63 66 69 71 75 81 87 
63 66 69 71 75 81 87 
63 66 69 71 75 81 87 
63 66 69 71 75 81 87 
63 66 69 71 75 81 87 
63 66 69 71 75 81 87 
66 75 81 87 
75 81 87 
75 














87 
87 
87 
87 
87 
87 
87 
87 
87 




48 78 82 90 
48 58 78 82 86 90 
48 58 78 82 86 90 
48 58 78 82 86 90 
48 58 78 82 86 90 
48 58 78 82 86 90 
48 58 78 82 86 90 
58 78 82 86 90 
58 78 82 86 90 
90 
















90 
90 
90 
90 
90 
90 
90 
90 
90 
90 



74 
64 70 74 81 88 93 
64 70 74 81 88 93 
64 70 74 81 88 93 
64 70 74 81 88 93 
64 70 74 81 88 93 
64 70 74 81 88 93 
64 70 74 81 88 93 
64 70 74 81 88 93 
70 74 81 88 93 
81 88 93 
81 88 93 












81 93 
81 88 93 
81 88 93 
81 88 93 
81 88 93 
81 88 93 
81 88 93 
81 88 93 
81 88 93 
81 93 




57 
47 57 83 87 92 95 
47 57 83 87 92 95 
47 57 83 87 92 95 
47 57 83 87 92 95 
47 57 83 87 92 95 
47 57 83 87 92 95 
47 57 83 87 92 95 
47 83 87 92 95 
83 87 92 95 
83 87 92 95 
95 














83 87 92 95 
83 87 92 95 
83 87 92 95 
83 87 92 95 
83 87 92 95 
83 87 92 95 
83 87 92 95 
83 87 92 95 
83 87 92 95 
83 87 95 




63 69 73 97 
63 69 73 87 90 93 97 
63 66 69 73 85 87 90 93 97 
63 66 69 73 85 87 90 93 97 
63 66 69 73 85 87 90 93 97 
63 66 69 73 85 87 90 93 97 
63 66 69 73 85 87 90 93 97 
63 66 69 73 85 87 90 93 97 
66 73 85 87 90 93 97 
85 87 90 93 97 
85 97 














93 97 
85 90 93 97 
85 90 93 97 
85 90 93 97 
85 90 93 97 
85 90 93 97 
85 90 93 97 
85 97 
85 97 
97 




50 59 
50 59 95 
50 59 83 89 95 
50 59 83 89 95 
50 59 83 89 95 
50 59 83 89 95 
50 59 83 89 95 
83 89 95 
83 95 
83 95 
95 














81 
81 93 
81 93 
81 93 
81 93 
81 93 
81 93 
81 93 




95 
51 60 83 90 95 
51 60 83 90 95 
51 60 83 90 95 
51 60 83 90 95 
51 60 83 90 95 
51 60 83 90 95 
51 60 83 90 95 
51 60 83 90 95 
60 83 




81 93 
81 93 
81 93 
81 93 
81 93 
81 93 
81 93 



84 96 
84 90 96 
84 90 96 
84 90 96 
84 90 96 97 
84 85 90 96 97 
84 85 90 96 97 
84 85 90 96 97 
84 85 90 96 97 
84 85 90 96 97 
85 97 
85 97 
85 97 
85 97 
85 


52 61 
52 61 
52 61 
52 61 
52 61 
52 61 
52 61 
52 61 
52 

















85 
85 
85 
85 
85 
85 
85 
85 
85 
85 


64 66 69 73 
64 66 69 73 
64 66 69 73 
64 66 69 73 
64 66 69 73 
64 66 69 73 
64 66 69 73 
64 66 69 73 
64 66 69 73 
64 66 73 



90 
90 
90 
90 
90 
90 
90 
90 
90 
90 

85 90 97 
85 90 93 97 
85 90 93 97 
85 90 93 97 
85 90 93 97 
53 85 90 93 97 
53 85 90 93 97 
53 59 85 90 93 97 
53 59 85 90 93 97 
53 59 85 90 93 97 
53 59 85 93 97 
59 
59 62 
59 62 
59 62 
62 83 89 92 95 
62 68 83 89 92 95 
62 68 83 89 92 95 
62 68 83 89 92 95 
62 68 83 89 92 95 
68 83 89 92 95 
68 83 89 92 95 
68 83 89 92 95 
68 83 89 92 95 
68 83 89 92 95 
68 83 92 95 
68 95 










54 
54 
54 
54 
54 
54 
54 
54 61 
54 61 
61 
61 
61 
61 
61 
61 81 
61 81 
61 81 
69 81 85 
69 81 85 88 
69 81 85 88 
69 81 85 88 93 
69 81 85 88 93 
69 81 85 88 93 
69 85 88 93 
69 85 88 93 
69 85 88 93 
69 85 88 93 
88 93 
88 93 
93 
93 






















78 
78 
78 
78 
78 85 
78 85 87 
47 57 78 85 87 
47 57 85 87 90 
47 57 85 87 90 
47 57 85 87 90 
47 57 85 87 90 
47 57 85 87 90 
47 85 87 90 
87 90 
87 90 
90 
90 






















80 
80 
80 
80 
85 
85 
62 71 85 
62 64 71 85 88 
62 64 68 71 85 88 
62 64 68 71 85 88 
62 64 68 71 85 88 92 
64 68 71 85 88 92 
64 68 88 92 
68 88 92 
88 92 
92 
92 
92 



























40 
40 
40 
40 
40 
40 
40 
40 
40 
40 
































73 76 88 
62 73 76 80 85 88 
62 64 68 73 76 80 85 88 
62 64 68 73 76 80 85 88 
62 64 68 73 76 80 85 88 
62 64 68 73 76 80 85 88 
62 64 68 73 76 80 85 88 
62 64 68 73 76 80 85 88 
62 64 68 73 76 80 85 88 
64 68 76 80 85 88 
80 88 





























49 97 
49 56 59 85 89 94 97 
49 56 59 85 89 94 97 
49 56 59 85 89 94 97 
49 56 59 85 89 94 97 
49 56 59 85 89 94 97 
49 56 59 85 89 94 97 
49 56 59 85 89 94 97 
49 56 59 85 89 94 97 
49 56 59 85 89 94 97 
56 59 85 89 94 97 
59 85 94 















73 77 85 
73 77 82 85 
73 77 82 85 
73 77 82 85 
73 77 82 85 
73 77 82 85 
73 77 82 85 
73 77 82 85 
73 77 82 85 
73 77 82 85 
73 82 85 
82 
82 
85 
73 77 85 
73 77 82 85 
73 77 82 85 
73 77 82 85 
73 77 82 85 
73 82 85 
73 82 85 






73 77 85 
73 77 82 85 
73 77 82 85 
73 77 82 85 
73 82 85 
73 82 85 
82 85 
82 




85 
73 77 85 
73 77 82 85 
73 77 82 85 
73 77 82 85 
73 82 85 
82 85 
85 






72 
72 75 81 
72 75 81 84 
72 75 81 84 
72 75 81 84 
72 75 81 84 
72 75 81 84 
72 84 
72 

















72 81 84 
72 75 81 84 
72 75 81 84 
72 75 81 84 
72 75 81 84 
72 75 81 84 
72 75 81 84 
75 84 







71 75 83 
61 71 75 83 
61 71 75 83 
61 71 75 83 
61 71 75 83 
61 71 75 83 
71 75 83 

















71 
61 71 83 
61 71 75 80 83 
61 71 75 80 83 
61 71 75 80 83 
61 71 75 80 83 
75 80 83 
75 80 83 
80 83 
83 






70 73 
66 70 73 76 82 
66 70 73 76 82 
66 70 73 76 78 82 
66 70 73 76 78 82 
66 70 73 76 78 82 
66 73 76 82 
82 


















62 85 
62 85 
62 85 
62 85 
62 85 
62 85 
62 85 
85 
85 





55 65 71 79 
55 65 71 76 79 
55 65 71 76 79 
55 65 71 76 79 
55 65 71 76 79 
55 65 71 76 79 
55 76 79 



















78 
70 75 78 
64 70 75 78 
54 64 70 75 78 
54 64 70 75 78 
54 64 70 75 78 
54 64 70 75 78 
54 64 75 78 
54 64 
64 
64 





























77 
55 77 
55 77 
55 77 
55 77 
55 77 
55 77 







48 70 76 
48 58 70 76 
48 58 64 70 76 
48 58 64 70 76 
48 58 64 70 76 
48 58 64 70 76 
58 64 70 76 
64 76 
64 76 




















62 69 74 
47 54 62 69 74 
47 54 62 69 74 
47 54 62 69 74 
47 54 62 69 74 
47 54 62 69 74 
47 54 62 69 74 
47 54 62 69 74 
47 74 



















































































78 
66 73 78 
50 57 66 73 78 
50 57 66 73 78 
50 57 66 73 78 
50 57 73 78 
57 73 78 
73 


































62 
62 69 76 81 
62 69 76 81 
53 62 69 76 81 
53 62 69 76 81 
53 76 81 
76 81 
76 


























59 
59 
59 72 
59 72 
59 72 
72 
72 
78 81 
78 81 
52 62 78 81 
52 62 73 81 85 
52 62 73 81 85 
52 62 73 85 
52 62 73 85 
52 73 85 
52 73 85 
85 





















74 81 
74 78 81 
74 81 
74 81 
74 81 







73 
62 69 73 
62 66 69 73 
62 66 69 73 
62 66 69 
66 




































52 62 
52 62 
52 62 
52 62 
52 
52 






































72 76 
64 68 72 76 
62 64 68 72 76 
62 64 68 72 76 
62 64 68 72 76 
62 64 68 76 
62 76 


































76 81 
67 73 76 81 
67 73 76 81 
67 73 76 81 
67 73 76 81 
67 73 76 81 
67 73 76 81 
67 73 76 81 
67 73 76 81 
76 81 















66 75 80 
66 72 75 80 
66 72 75 80 
66 72 75 80 
66 72 75 80 
66 72 75 80 
72 75 80 
75 










71 74 
65 71 74 79 
65 71 74 79 
71 74 79 
71 74 79 
74 79 


















64 70 73 78 
64 70 73 78 
64 70 73 78 
64 70 73 78 
64 70 73 78 
64 70 73 78 
64 70 73 78 
64 70 73 
64 70 
64 




























77 
63 69 72 77 
63 69 72 77 
63 69 72 77 
63 69 72 77 
63 69 72 77 
63 69 72 77 
63 69 72 77 
63 69 72 77 
69 72 




























62 68 71 76 
62 68 71 76 
62 68 71 76 
62 68 71 76 
62 68 71 76 
62 68 71 76 
71 76 
76 
76 







61 67 70 75 
61 67 70 75 
61 67 70 75 
61 67 70 75 
61 67 70 75 
61 67 70 75 
61 67 70 75 
70 















60 66 69 74 
60 66 69 74 
60 66 69 74 
66 69 74 
66 69 74 
69 74 
69 74 









59 65 73 
59 65 68 73 
59 65 68 73 
59 65 68 73 
59 65 68 73 
65 68 73 
68 




















67 72 
58 64 67 72 
58 64 67 72 
58 64 67 72 
58 64 67 72 
58 64 67 72 
58 64 67 72 
64 
64 



























57 
57 63 71 
57 63 66 71 
57 63 66 71 
57 63 66 71 
57 63 66 71 
57 63 66 71 
57 63 66 71 
57 63 66 71 
66 71 





























56 62 70 
56 62 65 70 
56 62 65 70 
56 62 65 70 
56 62 65 70 
56 62 65 70 
56 62 65 70 
62 65 70 
70 







69 
55 61 64 69 
55 61 64 69 
55 61 64 69 
55 61 64 69 
55 61 64 69 
55 61 64 69 
55 61 64 69 
55 61 64 
64 












63 68 
63 68 
63 68 
63 68 
63 68 
63 68 
63 68 
63 68 
63 








53 67 
53 67 
53 67 
53 67 
53 67 
67 
67 
67 














66 
66 
66 
66 
66 
66 
66 









52 64 
52 62 64 
52 62 64 
52 56 62 64 
52 56 62 64 
52 56 64 
52 64 
52 

















60 66 
60 66 
60 66 
60 66 
60 66 
66 









60 
60 
44 60 64 
44 51 60 64 
44 51 60 64 
44 51 64 
51 64 
51 64 
51 

















61 64 69 
45 52 59 61 64 66 69 
45 52 59 61 64 66 69 
45 52 59 61 64 66 69 
45 52 59 61 64 66 69 
45 52 59 61 64 66 69 
45 52 59 61 64 66 69 
45 52 59 61 64 66 69 
45 52 59 61 64 66 
45 52 59 66 
52 
52 























































84 90 
70 74 80 84 90 
70 74 80 84 90 
70 74 80 84 90 
70 74 80 84 90 
70 74 80 84 90 
70 80 90 
90 





















79 85 93 
69 73 79 85 88 90 93 
69 73 79 85 88 90 93 
69 73 79 85 88 90 93 
69 73 79 85 88 90 93 
69 73 79 88 90 93 
69 73 79 88 90 
88 





















































33 
