















































































































































































































































































































66 
66 
66 
66 














































70 
70 
70 
70 
70 
70 
















73 
73 
73 
73 
73 
73 
73 


















73 77 
73 77 
58 68 70 73 77 
42 58 68 70 73 77 
42 58 68 70 73 77 
42 58 68 70 73 77 
42 58 68 70 77 
42 68 70 






















78 
78 
78 
78 
78 
78 


























51 75 
51 66 70 75 
51 66 70 75 
51 66 70 75 
51 70 75 
70 75 






















61 
61 
61 
61 
61 

























70 
70 
70 
70 
70 
70 






71 
71 
71 
71 
71 
71 









44 
44 73 
44 73 
44 73 
44 73 
44 73 



























66 70 
59 63 66 70 
59 63 66 70 
59 63 66 70 
59 63 66 70 
59 


































49 59 65 70 
49 59 65 70 
49 59 65 70 
49 59 65 70 

































































































77 
77 
77 
77 
77 
77 







78 
78 
78 
78 
78 
78 










62 74 80 
62 74 80 
53 62 68 71 74 80 
53 62 68 71 74 80 
53 62 68 71 74 80 
53 62 68 71 74 80 
53 68 71 74 80 
53 68 71 74 
71 















































82 
82 
82 
82 
82 
82 














78 
51 70 75 78 
51 70 75 78 
51 70 75 78 
51 70 75 
51 70 75 
75 




















61 66 
61 66 
61 66 
61 66 
61 














80 
80 
80 
80 
80 
80 










78 
78 
78 
78 
78 















77 
77 
56 77 
56 77 
56 77 
56 77 
56 




































66 
60 66 
60 66 
60 70 
70 
70 
70 






























































































66 
66 
66 
66 
66 
66 
















49 59 63 66 70 
49 59 63 66 70 
49 59 63 66 70 
49 59 63 66 70 
49 59 63 66 70 
59 63 66 70 
59 63 66 70 

















































73 
73 
73 
73 
73 
73 
73 
73 








75 
75 
75 
75 
75 
75 
75 
75 











42 68 
42 68 70 73 77 
42 68 70 73 77 
42 68 70 73 77 
42 68 70 73 77 
42 68 70 73 77 
42 68 70 73 77 
70 73 77 






























58 
58 
58 
58 
58 
58 
58 









78 
78 
78 
78 
78 



















75 
61 66 70 75 
61 66 70 75 
51 61 66 70 75 
51 61 66 70 75 
51 61 70 75 
51 61 70 
51 































70 
70 
70 
70 
70 
70 












71 
71 
71 
71 
71 
71 














44 73 
44 73 
44 73 
44 73 
44 73 

































70 
70 
59 63 66 70 
59 63 66 70 
59 63 66 70 
59 66 70 
59 
















73 
73 
73 
73 
73 
73 
73 


















74 
49 59 74 
49 59 65 69 74 
49 59 65 69 74 
49 59 65 69 74 
49 65 69 74 
69 






























































































78 
78 
78 
78 










80 
80 
80 
80 
80 
80 








62 82 
62 82 
62 82 
62 82 
62 
62 
























78 
73 78 
66 68 73 78 
66 68 73 
66 68 73 
66 68 73 
66 68 






























78 
78 
61 71 78 
51 61 67 71 73 
51 61 67 71 73 
51 61 71 73 
51 61 71 73 
73 
















































































76 
76 
76 
76 
76 
76 




























44 71 
44 60 64 66 71 
44 60 64 66 71 
44 60 64 66 71 
44 60 64 66 71 
44 64 66 71 























60 69 
60 69 
60 69 
69 
69 
69 
69 
69 





















49 
49 
49 
49 65 
49 65 
59 65 
59 65 69 
59 65 69 
59 69 71 
59 69 71 
69 71 
71 76 
71 76 
76 
76 
76 
76 
































74 
74 
74 
74 
74 
74 
74 
































42 
42 
42 
42 
42 
58 65 
58 65 
58 65 
58 65 68 
58 65 68 70 
58 68 70 
68 70 73 
68 70 73 77 
68 70 73 77 
70 73 77 
73 77 
73 77 
77 
77 
77 












































65 
65 
65 
65 
65 












78 
78 
78 
78 
78 
78 






















75 
65 66 70 75 
65 66 70 75 
51 61 65 66 70 75 
51 61 65 66 70 75 
51 61 65 66 70 75 
51 61 70 
51 






































































70 
70 
70 
70 
70 








71 
71 
71 
71 
71 














44 66 70 73 
44 63 66 70 73 
44 63 66 70 73 
44 63 66 70 73 
44 63 70 73 
73 

















59 
59 
59 
59 
59 

















66 
59 63 66 
59 63 66 
59 63 66 
59 63 66 
59 
















51 
51 68 
51 68 
51 68 
51 68 
68 
68 



















49 65 
49 59 62 65 70 
49 59 62 65 70 
49 59 62 65 70 
49 59 62 65 70 
70 
















































































































77 
77 
77 
77 
77 













78 
78 
78 
78 
78 
78 












50 
50 74 80 
50 74 80 
50 71 74 80 
50 71 74 80 
50 71 74 80 
50 71 74 80 
71 74 80 
71 74 
71 
























59 
59 
59 
59 
59 
59 
59 










82 
65 82 
65 82 
65 82 
65 82 
65 82 
65 













78 
51 70 75 78 
51 70 75 78 
51 70 75 78 
51 70 75 78 
51 70 75 78 
75 78 














61 
61 
61 
61 
61 












80 
80 
66 80 
66 80 
66 80 
66 80 












78 
78 
78 
78 
78 
















56 72 77 
56 66 70 72 77 
56 66 70 72 77 
56 60 66 70 72 77 
56 60 66 70 72 77 
60 77 
60 

























































































57 
57 69 
57 










































































66 
66 
66 
66 





















70 
70 
70 
70 
70 
70 
70 











73 
73 
73 
73 
73 
73 
73 
73 











73 
58 73 77 
42 58 68 70 73 77 
42 58 68 70 73 77 
42 58 68 70 73 77 
42 58 68 70 73 77 
42 58 68 70 73 77 
42 68 70 77 
68 70 77 






























61 
61 
61 
61 
61 
61 
61 









78 
78 
78 
78 
78 
78 
















51 75 
51 75 
51 66 70 75 
51 66 70 75 
51 66 70 75 
51 66 70 75 
66 70 
70 













61 
61 
61 
61 
61 
61 
61 














70 
70 
70 
70 
70 
70 
70 













71 
71 
71 
71 
71 
71 
71 
















73 
44 63 66 73 
44 63 66 73 
44 63 66 70 73 
44 63 66 70 73 
44 66 70 73 
44 70 73 
70 


































59 
59 
59 
59 
59 
59 










73 
73 
73 
73 
73 
73 
73 



















74 
49 65 69 74 
49 59 65 69 74 
49 59 65 69 74 
49 59 65 69 74 
59 65 69 
59 






















































































78 
78 
78 
78 
78 







80 
80 
80 
80 
80 
80 
80 





58 
58 78 
58 78 
58 78 
58 78 
58 78 
78 









































68 
63 68 
63 68 
63 68 
63 68 
63 68 
63 
























78 
78 
78 
78 
78 

















77 
61 77 
61 77 
61 77 
61 77 
61 77 
77 














76 
76 
59 65 76 
59 65 69 76 
59 65 69 76 
59 69 76 
59 76 
59 
59 

















49 74 
49 74 
49 74 
49 74 
49 74 
74 





















73 
73 
73 
73 
73 
73 























71 
71 
71 
71 
71 





























42 
42 
42 
42 
49 
49 
49 
63 
63 65 
58 63 65 
58 65 
58 65 68 
58 68 
68 
68 70 
70 73 
73 
73 
73 
73 












































































































66 
66 
66 
66 
66 
66 





















































70 
70 
70 
70 
70 
70 
70 
70 













































58 
58 
58 
58 




























73 
73 
73 
73 
73 
73 
73 





















46 
46 
46 65 68 72 75 
46 65 68 72 75 
46 65 68 72 75 
65 68 72 75 
68 72 75 
68 72 






















53 
53 
53 
53 
53 
53 






















60 
60 
60 
60 
60 
60 


















61 
61 
61 
61 
61 
61 
61 





















63 
63 
63 
63 
63 
63 





















65 
65 
65 
65 
65 
65 
65 






















68 
68 
68 
68 
68 
68 
68 




















72 
72 
72 
72 
72 
72 
72 






73 
73 
73 
73 
73 
73 
73 
73 








72 
53 65 68 72 
46 53 61 65 68 72 
46 53 61 65 68 72 
46 53 61 65 68 72 
46 53 61 65 68 72 
46 61 65 68 72 
68 






















































61 
61 
61 





























72 
72 
72 
72 
72 
72 
72 






















67 
51 61 64 67 72 
51 61 64 67 72 
51 61 64 67 72 
51 61 64 67 72 
61 64 67 72 
72 



















































70 
70 
70 
70 
70 
70 
70 






















58 
58 
58 
58 
58 
58 
























44 72 
44 65 67 70 72 75 
44 65 67 70 72 75 
44 65 67 70 72 75 
44 65 67 70 72 75 
70 75 
75 

















































60 
60 
60 
60 
60 




















































72 
49 65 68 72 
49 65 68 72 
49 60 65 68 72 
49 60 65 68 72 
49 60 68 
























































60 
60 
60 
60 















































48 
48 
48 
48 58 70 
58 63 70 
58 63 70 75 
58 63 70 75 
58 63 70 75 
58 63 70 75 79 
75 79 
75 79 82 
79 82 
79 82 
79 82 
82 
82 

































82 
82 
82 
82 
82 
82 
82 












67 
67 
67 
67 
67 
67 












82 
82 
82 
82 
82 
82 





























82 
58 68 77 82 
58 68 73 77 82 
58 65 68 73 77 82 
58 65 68 73 77 82 
58 65 68 73 77 
65 73 
65 73 



















































80 
61 80 
61 80 
61 80 
61 80 
61 80 





















































75 
44 66 75 
44 59 66 71 75 
44 59 66 71 
44 59 71 
59 71 























































63 
63 
63 
63 
63 













































56 
56 
56 64 
56 64 
56 64 75 
64 75 
64 67 75 
67 75 79 
67 75 79 
67 79 
67 79 87 
79 87 
87 
87 
87 
87 
87 
87 















































67 
67 
67 










































56 
56 
56 
56 63 
63 
63 
63 71 
63 66 71 
66 
66 
66 
75 
75 78 
75 78 82 
75 78 82 
78 82 
82 
82 
82 




















































66 
66 
66 
66 
66 


















70 
70 
70 
70 
70 







82 
82 
82 
82 
82 
82 


85 
85 
85 
85 
85 
85 
85 
85 
80 
80 
80 
59 70 80 
59 65 70 80 
59 65 70 80 
65 70 80 81 
65 70 81 
65 81 
81 
81 
81 
81 
82 
82 
82 
82 
82 











80 
80 
80 
80 
80 
80 










































































46 
46 
46 
46 

53 
53 65 
53 65 
53 65 
53 61 65 68 
61 65 68 
61 68 72 
61 68 72 75 
61 68 72 75 
61 72 75 
72 75 
72 75 
75 
75 
75 

















































61 
61 
61 
61 
61 
61 






















65 
65 
65 
65 
65 
65 
65 
65 





















51 69 72 
51 69 72 
51 69 72 
51 69 72 
51 69 72 
69 72 
69 72 

















































61 
61 
61 
61 
61 















77 
77 
77 
77 
77 
77 
77 


























80 
80 
51 61 66 70 73 77 80 
51 61 66 70 73 77 80 
51 61 66 70 73 77 80 
51 61 66 70 73 77 
51 61 66 73 77 
73 





















































77 
56 60 77 
56 60 66 77 
56 60 66 70 72 77 
56 60 66 70 72 77 
56 60 70 72 
70 72 
70 72 




















































49 66 70 73 
49 59 63 66 70 73 
49 59 63 66 70 73 
49 59 63 66 70 73 
59 70 73 

























66 
66 
66 
66 
66 
66 






















59 
59 
59 70 
70 
70 
70 
70 
70 




















73 
73 
73 
73 
73 
73 
73 






















77 
77 
42 58 65 69 72 77 
42 58 65 69 72 77 
42 58 65 69 72 77 
42 58 65 69 72 77 
42 69 72 



















































73 
73 78 
66 70 73 78 
66 70 73 78 
66 70 73 78 
70 



















































65 66 70 75 
51 61 65 66 70 75 
51 61 65 66 70 75 
51 61 70 75 
51 61 70 75 

























































61 
61 
61 
61 
61 










70 
70 
70 
70 
70 
70 
70 
70 












71 
71 
71 
71 
71 
71 
71 
71 













73 
44 59 63 66 70 73 
44 59 63 66 70 73 
44 59 63 66 70 73 
44 59 66 70 73 
44 66 70 73 

















































78 
71 78 
63 66 71 75 78 
63 66 71 75 
63 71 75 
63 71 75 
63 



















































66 
49 59 63 66 70 
49 59 63 66 70 
49 59 63 66 70 
49 59 63 70 
63 70 






















































61 
61 
61 
61 










70 
70 
70 
70 
70 
70 
70 







73 
73 
73 
73 
73 
73 
73 
73 





77 
77 
77 
77 
77 
77 
77 
77 
77 







65 74 80 
50 59 65 71 74 80 
50 59 65 71 74 80 
50 59 65 71 74 80 
50 59 65 71 74 80 
50 59 71 74 
50 59 71 74 
74 

















































65 
65 
65 
65 
65 
65 











80 
80 
80 
80 
80 
80 
80 
80 








82 
82 
82 
82 
82 
















78 
66 70 75 78 
66 70 75 78 
51 61 66 70 75 78 
51 61 66 70 75 
51 61 75 
61 






















































66 
66 
66 
















73 
73 
73 
73 
73 
73 
73 









75 
75 
75 
75 
75 
75 














60 
60 
60 66 70 72 77 
60 66 70 72 77 
60 66 70 72 77 
66 70 72 77 
72 77 






















































56 
56 
56 
56 























































49 
49 
49 
49 
49 
49 
49 
49 






























66 
63 66 70 
59 63 66 70 
59 63 66 70 
59 63 66 70 
59 63 66 70 
59 63 66 70 
59 63 70 
59 






























73 
73 
73 
73 
73 
73 





























58 70 73 77 
58 70 73 77 
42 58 68 70 73 77 
42 58 68 70 73 77 
42 58 68 70 73 77 
42 58 68 70 73 77 
42 68 70 73 77 
42 68 73 77 
68 


















































78 
78 
78 
78 
78 
78 
































71 75 
67 71 75 
51 61 67 71 75 
51 61 67 71 75 
51 61 67 71 75 
51 61 67 71 75 
51 61 71 
51 61 

















































71 
71 
71 
71 
71 
71 
71 
71 














67 
67 
67 
67 
67 
67 
67 










75 
75 
75 
75 
75 
75 












79 
79 
79 
79 
79 
79 
79 













66 78 82 
56 63 66 71 75 78 82 
56 63 66 71 75 78 82 
56 63 66 71 75 78 82 
56 63 66 71 75 78 82 
56 63 71 75 82 
56 71 75 
71 




















































83 
83 
83 
83 
83 
83 































49 
49 75 80 
49 61 66 71 75 80 
49 61 66 71 75 80 
49 61 66 71 75 80 
61 66 71 75 80 
61 71 
71 






































































61 
61 
61 
61 
61 
61 
61 










75 
75 
75 
75 
75 
75 












77 
77 
77 
77 
77 
77 















58 73 78 
58 63 68 70 73 78 
58 63 68 70 73 78 
58 63 68 70 73 78 
58 63 68 70 73 
63 
























































































50 59 65 68 71 77 
50 59 65 68 71 77 
50 59 65 68 71 77 
50 59 65 68 71 77 
59 65 68 71 77 
59 68 71 77 
71 77 

















75 
75 
66 70 73 75 
51 61 66 70 73 75 
51 61 66 70 73 75 
51 61 66 70 73 75 
51 61 70 73 
51 61 



















































66 
66 
66 
66 
66 

































82 
82 
82 
82 
82 
82 

















56 66 82 85 
56 63 66 70 75 78 82 85 
56 63 66 70 75 78 82 85 
56 63 66 70 75 78 82 85 
56 63 66 70 75 78 82 85 
70 75 85 
85 

















































66 
66 85 
66 85 
66 85 
85 
85 
85 
































77 82 
70 74 77 82 
70 74 77 82 
70 74 77 
74 77 













49 59 
49 59 
49 59 65 
59 65 
65 






















































65 
65 
65 
65 
65 
65 



















77 








82 
82 
82 
82 
82 
82 
















58 77 
58 68 77 
42 58 68 73 77 
42 58 68 73 77 
42 58 68 73 77 
42 68 73 77 
42 68 73 77 
68 73 77 
73 

















































58 
58 
58 
58 
58 
58 


























78 
78 
78 
78 
78 
78 

















66 77 
61 66 70 77 80 82 
61 66 70 77 80 82 
51 61 66 70 77 80 82 
51 61 66 70 77 80 82 
51 61 70 77 80 82 
51 70 77 80 
77 80 





























75 
75 78 
75 78 
75 78 
75 78 
75 




















66 
66 
66 
66 
66 
66 



























75 
75 
75 
75 
75 
75 
75 
75 













66 82 
66 82 
56 63 66 70 82 85 
56 63 66 70 82 85 
56 63 66 70 82 85 
56 63 70 82 85 
56 63 70 82 85 
63 70 85 
85 





























80 
80 83 
80 83 
80 83 
80 83 
80 83 

















66 
66 
66 
66 
66 





























66 
66 
66 
66 
66 
66 














49 59 75 78 
49 59 71 75 78 
49 59 71 75 78 
49 59 71 75 78 
59 71 75 
59 71 75 
71 

















































50 70 74 77 
50 59 65 70 74 77 
50 59 65 70 74 77 
50 59 65 70 74 77 
50 59 65 70 74 77 
59 





















































65 77 80 
65 77 80 
59 65 71 74 77 80 
59 65 71 74 77 80 
59 65 71 74 77 80 
59 71 74 77 
59 71 74 
















































68 
68 
68 
68 
68 











82 
82 
82 
82 
82 












80 
80 
80 
80 
80 
80 
80 













73 78 
61 66 70 73 78 
61 66 70 73 78 
51 61 66 70 73 78 
51 61 66 70 73 
51 70 73 






















































66 
66 
66 
66 
66 
















80 
80 
80 
80 
80 












78 
78 
78 
78 
78 















77 
77 
44 60 66 70 72 77 
44 60 66 70 72 77 
44 66 70 72 77 
44 70 72 77 
70 72 







































































































45 
45 
45 
45 
45 
45 

60 
60 
60 
60 72 
60 63 66 69 72 
60 63 66 69 72 
63 66 69 72 
63 66 69 72 
63 66 69 72 
63 66 69 72 
63 66 69 72 
69 





























73 
73 
73 
73 
73 
73 
73 
73 
73 













63 
63 
63 
63 
63 
63 
63 










75 
75 
75 
75 
75 
75 
75 






























58 77 
42 58 69 72 77 
42 58 69 72 77 
42 58 65 69 72 77 
42 58 65 69 72 77 
42 65 69 72 77 
65 69 72 





















































78 
78 
78 
78 
78 
78 
































51 75 
51 66 75 
51 61 66 70 73 75 
51 61 66 70 73 75 
51 61 70 73 75 
61 70 73 
61 73 


















































66 
66 
66 
66 
66 
66 


















































56 
56 
56 
56 
56 
56 
56 















49 
49 
49 
49 
49 
49 

































59 66 70 
59 63 66 70 
59 63 66 70 
59 63 66 70 
59 63 66 70 
59 63 66 70 
63 70 
































73 
73 
73 
73 
73 
73 
73 
73 


























69 74 
59 65 69 74 
59 65 69 74 
59 65 69 74 
59 65 69 74 
59 65 69 74 
59 
















































74 
74 
47 57 62 66 69 74 
47 57 62 66 69 74 
47 57 62 66 69 74 
47 57 66 69 74 
47 57 66 69 





















































65 68 70 73 
65 68 70 73 
46 61 65 68 70 73 
46 61 65 68 70 73 
46 61 65 68 70 73 
46 61 68 
46 




















































61 
61 
61 
61 
61 

































71 
71 
71 
71 
71 
71 














74 77 
74 77 
50 59 65 74 77 
50 59 65 74 77 
50 59 65 74 77 
50 59 65 74 77 
50 59 65 74 77 
59 













71 
71 
71 
71 












75 78 
75 78 
75 78 
75 78 
75 78 
75 

















51 66 
51 61 66 
51 61 66 
51 61 66 
51 61 66 
61 
































73 
73 
73 
73 
73 
73 
73 














55 67 76 82 
55 67 76 82 
55 63 67 76 82 
55 63 67 76 82 
55 63 76 82 
55 63 76 
63 76 













71 
71 
71 
71 
71 
71 











75 
75 80 83 
75 80 83 
75 80 83 
75 80 83 
75 80 83 















56 63 66 
56 63 66 
56 63 66 
56 63 66 
56 63 66 
56 63 






















































73 
73 
65 70 73 
49 59 65 68 70 73 
49 59 62 65 68 70 73 
49 59 62 65 68 70 
49 59 62 65 68 
59 68 
68 















































65 
65 
65 
65 
65 
65 































73 
73 
73 
73 
73 
73 
73 














42 58 
42 58 68 73 77 
42 58 68 70 73 77 
42 58 68 70 73 77 
42 58 68 70 73 77 
42 68 70 73 77 
68 70 73 77 
68 70 73 77 
70 















































58 
58 
58 
58 
58 
58 
58 



























78 
78 
78 
78 
78 



















66 73 77 80 
51 61 66 70 73 77 80 
51 61 66 70 73 77 80 
51 61 66 70 73 77 80 
51 61 66 70 73 77 80 
70 73 77 80 



















































70 
70 
70 
70 
70 
70 
70 












92 
92 
80 85 92 
80 85 92 
80 85 92 
80 85 92 
80 85 92 










81 93 
81 93 
81 93 
81 93 
81 93 
81 93 
81 93 













56 63 66 82 87 90 94 
56 63 66 70 82 87 90 94 
56 63 66 70 82 87 90 94 
56 63 66 70 82 87 90 94 
56 63 66 70 82 87 90 94 
56 70 82 87 90 94 
70 87 90 94 

































89 
80 89 92 
80 89 92 
80 89 92 
80 89 92 
80 89 92 
92 













70 
70 
70 
70 
70 
70 
70 










78 
78 87 90 
78 87 90 
78 87 90 
78 87 90 
78 87 90 
87 



























80 
80 
59 65 70 77 80 85 89 
59 65 70 77 80 85 89 
59 65 70 77 80 85 89 
59 65 70 85 89 
65 70 85 
65 























































65 
65 
65 
65 
65 




















































53 63 68 75 79 82 
53 63 68 75 79 82 
53 63 68 70 75 79 82 
53 63 68 70 75 79 82 
53 63 68 70 75 79 82 
63 68 70 75 79 82 
70 75 79 
70 


















































62 71 76 
62 68 71 76 
62 68 71 76 
62 68 71 76 
62 68 71 76 
62 68 71 76 
62 68 76 













58 
58 
58 
58 
58 
58 
58 











77 
77 
77 
77 
77 
77 
77 














74 
62 67 71 74 81 
52 62 67 71 74 81 
52 62 67 71 74 81 
52 62 67 71 74 81 
52 62 67 71 74 81 
52 62 81 
81 















































71 75 
61 67 71 75 
61 67 71 75 
61 67 71 75 
61 67 71 75 
61 71 
61 













57 
57 
57 
57 
57 
57 
57 
57 










76 
76 
76 
76 
76 
76 
76 
76 












80 
51 77 80 
51 70 73 77 80 
51 70 73 77 80 
51 70 73 77 80 
51 70 73 77 80 
51 70 73 77 
73 












61 
61 
61 
61 
61 















66 
66 
66 
66 
66 
66 











66 74 
60 66 70 74 
60 66 70 74 
60 66 70 74 
60 70 74 
60 70 74 
60 














56 
56 
56 
56 
56 
56 
56 










75 
75 
75 
75 
75 
75 
75 












50 
50 
50 79 
50 79 
50 79 
50 79 
79 
79 
79 











60 69 
60 69 
60 69 
60 69 
60 69 
60 69 
60 69 













65 
65 72 
65 72 
65 72 
65 72 
72 
72 
72 











59 69 73 
59 69 73 
59 69 73 
59 69 73 
59 69 73 
59 69 73 














55 
55 
55 
55 
55 
55 












74 
74 
74 
74 
74 
74 














75 
68 75 
42 58 68 70 75 
42 58 68 70 75 
42 58 68 70 75 
42 58 68 70 75 
42 70 





















































61 
61 
61 
61 
61 
61 












74 77 
74 77 
74 77 
74 77 
74 77 
74 77 
74 










80 
80 
80 
80 
80 
80 
80 












78 
61 66 73 78 
61 66 73 78 
61 66 70 73 78 
51 61 66 70 73 
51 70 73 
51 70 






















































66 
66 
66 
66 
66 


































82 
82 
82 
82 
82 
















56 66 70 82 85 
56 66 70 82 85 
56 63 66 70 75 78 82 85 
56 63 66 70 75 78 82 85 
56 63 66 70 75 78 82 85 
56 63 66 70 75 78 82 85 
63 75 78 85 
75 85 




















































70 
70 
70 
70 
70 
70 




























84 
84 
84 
84 
84 
84 
84 
















78 83 
56 66 75 78 83 
56 66 75 78 83 
56 66 71 75 78 83 
56 66 71 75 83 
56 66 71 75 83 
56 71 75 
71 











































49 
49 
49 
49 
49 59 65 
59 65 
59 65 
59 70 
59 70 74 
70 74 77 
70 74 77 
74 77 
74 77 
74 77 
77 
77 














































78 
78 
42 58 68 73 78 
42 58 68 70 73 
42 58 68 70 73 
42 58 68 70 73 
42 70 73 
70 


















































63 
63 
63 
63 
63 



















































69 76 
49 59 65 69 76 
49 59 65 69 76 
49 59 65 69 76 
49 59 65 69 76 
59 69 76 
69 

































74 
74 
74 
74 
74 
74 














59 
59 
59 
59 
59 














73 
73 
73 
73 
73 
73 











71 
71 
71 
71 
71 
71 
71 












70 
42 63 65 68 70 
42 63 65 68 70 
42 58 63 65 68 70 
42 58 63 65 68 70 
42 58 65 68 70 
58 68 




















































58 
58 
58 
58 
58 
58 


























63 
63 
63 
63 
63 
63 
63 



















47 
47 
47 70 
47 66 70 
47 66 70 
66 70 
66 70 
66 70 
66 





54 
54 
54 
54 
54 
54 










63 
63 
63 
63 
63 
63 







70 
66 70 
66 70 
66 70 
66 70 
66 70 
66 70 
66 70 








70 73 
70 73 
70 73 
70 73 
70 73 
70 73 
70 73 
73 




66 
66 
66 78 
66 78 
66 78 
66 78 
66 78 
78 
78 




63 
63 82 
63 82 
63 82 
63 82 
63 82 
82 
82 








80 
80 
80 
80 
80 
80 
80 
80 





46 
46 
46 
46 
46 
46 
46 






53 
53 
53 
53 
53 
53 









61 
61 
61 
61 
61 
61 
61 








65 
65 
65 
65 
65 
65 
65 
65 







68 
68 
68 
68 
68 
68 
68 
68 
68 




73 
73 
73 
73 
73 
73 
73 
73 





65 
65 
65 77 
65 77 
65 77 
65 77 
65 77 
77 
77 
77 
77 



80 
80 
80 
80 
80 
80 
80 








61 67 
61 67 79 82 
61 67 79 82 
61 67 73 77 79 82 
61 67 73 77 79 82 
61 67 73 77 79 82 
73 77 79 82 
73 77 79 
73 77 
73 



















84 
84 
84 
84 
84 
84 
84 
84 
84 
















65 
65 
65 
65 85 
65 85 
65 85 
85 
85 
85 
85 
85 



















89 
89 
89 
89 
89 

























80 84 
80 84 87 
46 53 61 75 80 84 87 
46 53 61 75 80 84 87 
46 53 61 75 80 84 87 
46 53 61 84 87 
53 84 87 






















































65 
65 
65 
65 
65 
65 




















82 
82 
82 
82 
82 
82 

























77 84 
51 61 72 77 81 84 
51 61 72 77 81 84 
51 61 72 77 81 84 
51 61 72 77 81 84 
51 61 77 81 84 






















































61 82 
61 67 82 
61 67 73 77 79 82 
61 67 73 77 79 82 
67 73 77 79 
67 73 77 79 
77 79 




















































48 
48 82 87 
48 82 87 
48 75 79 82 87 
48 75 79 82 87 
48 75 79 82 87 
48 75 79 87 
75 79 87 
79 






















55 
55 
55 
55 
55 
55 
55 





















56 
56 
56 
56 
56 
56 
56 




















63 
63 
63 
63 
63 
63 
63 
63 





















49 
49 
49 65 72 
49 65 68 72 
49 65 68 72 
49 65 68 72 
65 68 72 
68 72 
68 72 
68 




















56 
56 
56 
56 
56 
56 






















65 75 
65 75 
65 75 
65 75 
65 75 
65 75 
65 75 



















56 
56 87 
56 84 87 
56 84 87 
56 84 87 
56 84 87 
56 84 87 
84 87 
84 87 
84 
84 





















60 82 
60 82 
60 82 
60 82 
60 82 
60 82 
60 



















65 
65 
65 
65 
65 
65 






















67 
67 
67 79 
67 79 
67 79 
67 79 
67 79 
79 
79 



















82 
82 
70 82 
70 82 
70 82 
70 82 
70 
70 
70 




















58 
58 80 85 
58 80 85 
58 80 85 
58 80 85 
58 80 85 
80 85 












82 
82 
65 77 82 
65 77 82 
65 77 82 
65 77 
65 77 
65 














77 82 
77 82 
77 82 
77 82 
77 82 
77 
77 













68 73 
68 73 78 80 
68 73 78 80 
68 73 80 
68 73 
68 73 
68 73 











65 
65 
65 77 
65 77 
65 77 
65 77 
65 77 
77 










61 
61 
61 70 
61 70 
61 70 
61 70 
61 70 
70 













44 75 
44 75 
44 71 75 
44 71 75 
44 71 75 
44 71 75 
71 
71 











66 73 
66 73 
51 66 73 
51 66 73 
51 66 73 
51 73 
51 73 














59 
59 
59 
59 
59 
59 











63 
63 
63 
63 
63 70 
63 70 
70 
70 
70 
70 










66 
66 71 
66 71 
66 71 
66 71 
66 71 
71 
71 
71 









63 75 
63 75 
63 75 
63 75 
63 75 
63 75 
75 














56 79 
56 64 67 73 76 79 
56 64 67 73 76 79 
56 64 67 73 76 79 
56 64 67 73 76 79 
56 64 67 73 76 79 
64 67 73 76 79 




















































67 
67 
67 
67 
67 
67 



















76 79 85 
76 79 82 85 
76 79 82 85 
76 79 82 85 
76 79 82 85 
76 79 85 
85 
























82 
78 82 
56 78 82 
56 66 71 75 78 82 
56 63 66 70 71 75 
56 63 66 70 71 75 
56 63 66 70 75 
63 66 70 
63 


















































66 
66 
66 
66 
66 
66 























71 
71 
71 
71 
71 
71 
71 
71 




















78 82 
63 75 78 82 
63 75 78 82 
63 71 75 78 82 
63 71 75 78 82 
63 71 75 
63 71 75 
71 



















































47 80 
47 63 68 73 77 80 
47 63 68 73 77 80 
47 63 68 73 77 80 
47 63 68 73 77 80 
68 73 77 
73 





















































46 75 84 87 
46 61 75 80 84 87 
46 61 75 80 84 87 
46 61 75 80 84 87 
46 61 75 80 84 87 
61 80 























































65 
65 
65 













































51 
51 
51 
51 
51 
61 
61 67 
61 67 69 
61 67 69 72 
61 67 69 72 
61 69 72 
61 69 72 77 
61 69 72 77 
69 72 77 
72 77 
72 77 
77 
77 
77 


















































61 
61 
61 
61 






























77 
77 
77 
77 
77 
77 

















75 80 
48 58 63 72 75 80 
48 58 63 70 72 75 80 
48 58 63 70 72 75 80 
48 58 63 70 72 75 80 
48 58 70 72 75 80 
70 72 80 
70 















































80 
63 80 
63 70 80 
63 70 80 
63 80 
80 



















































49 59 73 
49 59 63 66 71 73 
49 59 63 66 71 73 
49 59 63 66 71 73 
59 66 71 73 
66 71 



















































66 
66 
66 
66 













70 
70 
70 
70 
70 
70 
70 











73 
73 
73 
73 
73 
73 
73 
73 












77 
68 77 
42 58 68 73 77 
42 58 68 73 77 
42 58 68 73 77 
42 58 68 73 77 
42 58 68 73 77 
42 68 73 77 
73 
73 

















































61 
61 
61 
61 
61 
61 






























78 
78 
78 
78 
78 

















75 
51 66 70 75 
51 66 70 75 
51 66 70 75 
51 66 70 75 
51 70 75 








































53 
53 
53 

54 
54 
54 
54 
54 



55 67 70 
55 61 64 67 70 
55 61 64 67 70 
55 61 64 67 70 
55 61 64 67 70 
55 64 67 70 






























56 
56 71 
56 71 
56 71 
56 71 
56 71 
71 










57 
57 
57 
57 
57 

63 
63 
63 66 68 73 
58 63 66 68 73 
58 66 68 73 
58 66 68 73 
58 68 73 
58 



















































44 
44 
44 
44 
44 

















































49 70 
49 59 65 70 
49 59 65 70 
49 59 65 70 
49 59 65 70 
59 65 























































65 
65 
65 
65 
65 













78 
78 
78 
78 
78 











79 
79 
79 
79 
79 
79 
79 












80 
53 63 68 71 75 80 
53 63 68 71 75 80 
53 63 68 71 75 80 
53 63 68 71 75 80 
68 71 75 80 
71 75 





















































46 82 
46 82 
46 73 78 82 
46 62 68 73 78 82 
46 62 68 73 78 82 
62 68 73 78 
62 68 73 
68 73 































78 
52 62 67 74 78 
52 62 67 71 74 78 
52 62 67 71 74 78 
52 62 71 74 78 
52 62 71 74 78 
52 71 78 
78 





































































61 
61 
61 
61 
61 
61 
61 











67 73 
67 71 73 
67 71 73 
67 71 73 
67 71 73 
67 71 73 
71 73 
71 









75 
75 
75 
75 
75 
75 
75 














77 
51 61 66 70 77 
51 61 66 70 77 
51 61 66 70 77 
51 61 66 70 77 
51 61 66 70 77 
51 70 77 
70 




















































77 
72 77 80 
60 70 72 77 80 
60 70 72 77 80 
60 70 72 77 80 
60 70 72 80 
60 80 
60 
































74 
50 60 65 74 77 
50 60 65 74 77 
50 60 65 69 74 77 
50 60 65 69 74 77 
50 60 65 69 74 77 
50 60 69 
50 69 

































































49 59 
49 59 78 
49 59 66 71 75 78 
49 59 66 71 75 78 
49 59 66 71 75 78 
49 59 66 71 75 78 
66 71 75 
66 71 75 
71 












82 
82 
82 
82 
82 













85 
73 85 
73 85 
73 85 
73 85 
73 85 
73 85 













80 
42 58 77 80 85 89 
42 58 77 80 85 89 
42 58 77 80 85 89 
42 58 77 80 85 89 
42 58 77 80 85 89 
42 58 77 80 85 89 
42 80 85 89 



















































61 
61 
61 
61 
61 
61 
61 
61 
















78 90 
78 90 
78 90 
78 90 
78 90 
78 90 
78 
























71 75 87 
61 67 71 75 79 83 87 
61 67 71 75 79 83 87 
61 67 71 75 79 83 87 
61 67 71 75 79 83 87 
61 67 71 75 79 83 87 
61 75 79 83 87 
79 83 87 























71 
71 
71 
71 
71 
71 
71 
71 























67 
67 75 
67 75 
67 75 
67 75 
67 75 
67 75 
67 75 
75 






















79 
79 
79 
79 
79 
79 
79 
79 
79 













56 
56 
56 
56 
56 63 
56 63 
56 63 
63 
63 66 71 
66 71 
66 71 75 
66 75 78 
66 75 78 82 
66 75 78 82 
75 78 82 
75 78 82 
75 78 82 
82 






















































66 
66 
66 
66 
66 
66 






















83 
83 
83 
83 
83 
83 
























50 
50 
50 
50 
50 60 
60 
60 66 
60 66 
60 66 
60 66 
72 
72 
72 76 
72 76 
76 80 
76 80 
76 80 
80 
80 
80 





















































49 
49 
49 
49 
49 

59 66 
59 66 
59 66 
59 66 71 
59 66 71 
59 71 
71 75 
71 75 
71 75 
75 
75 
75 

















































47 
47 
47 54 
54 69 
54 63 69 
54 63 69 
54 63 69 
63 69 73 
73 
73 
73 
73 


77 
77 
77 
77 
77 
77 















































































46 
46 
46 
46 
46 
46 68 78 
46 68 73 78 
68 73 78 
68 73 78 
68 73 
68 73 
73 
73 










62 
62 
62 
62 
62 
62 
62 











73 
73 
73 
73 
73 
73 
73 







68 
68 
68 75 
68 75 
68 75 
68 75 
68 75 
75 
75 








78 
78 
61 75 78 
61 75 78 
61 75 78 
61 75 78 
61 75 
61 75 
61 75 
75 







76 
67 71 76 
67 71 73 76 
67 71 73 76 
67 71 73 76 
67 71 73 76 
67 71 73 76 
67 73 76 
73 






75 
71 75 
71 75 
71 75 
71 75 
71 75 
71 75 
71 75 





64 
64 
64 73 
64 73 
64 73 
64 73 
64 73 
73 
73 
73 









60 80 83 
60 80 83 
60 80 83 
60 80 83 
60 80 83 
60 80 83 
60 80 83 
60 









66 78 81 
66 78 81 
66 78 81 
66 78 81 
66 78 81 
66 81 
81 
81 










80 
77 80 
71 77 80 
71 77 80 
71 77 80 
71 77 80 
71 77 
71 









78 
75 78 
75 78 
75 78 
75 78 
75 
75 












73 
49 73 76 
49 73 76 
49 73 76 
49 73 76 
49 73 76 
49 73 76 















74 
59 74 
59 74 
59 74 
59 74 
59 74 
59 74 



















65 73 
65 73 
65 73 
65 73 
65 73 
73 

















71 
71 
71 
71 
71 
71 
71 







































42 
42 
42 
42 
42 

49 
49 
49 
49 58 63 
58 63 
58 63 
58 63 
58 
65 
65 
65 
68 
68 
68 
68 
68 70 73 
70 73 
70 73 
73 
73 
73 

















































































63 
63 
63 







68 
68 
68 
68 
73 
73 
73 
73 
73 
73 



80 
80 
80 
80 
80 

85 
85 
85 
85 
85 
85 



85 
85 
85 
85 
85 
85 
85 
92 
92 
92 
92 
92 


97 
97 
97 
97 

97 
97 
97 
97 
97 
97 




104 
104 
104 109 
104 109 
109 
109 
109 
109 


104 
104 
104 
104 
104 


106 
106 
106 
106 
106 
106 
















































30 
30 
30 






