


























































































































































50 51 52 53 
50 51 52 53 
50 51 52 53 
50 51 52 53 
50 51 52 53 
50 51 52 53 
52 53 
52 
52 


























79 
79 
79 
79 
79 
79 
79 
79 
79 
79 
79 
























73 
73 74 
73 74 
73 74 
73 74 
73 74 
73 74 
73 74 
73 74 
74 
















70 
70 
70 
70 
70 
70 
70 
70 

67 
67 
67 
67 
67 
67 
67 
67 


















65 
65 
65 
65 
65 



70 
70 
70 
70 
70 
70 
70 
70 
70 















































72 
72 
72 73 
72 73 
72 73 
72 73 74 
72 73 74 
72 73 74 
72 73 74 
72 73 74 
73 74 
74 
74 






















53 
52 53 
52 53 
52 53 
52 53 
52 53 
52 53 
52 53 
52 53 

53 
53 
52 53 
52 53 
52 53 
52 53 
52 53 
52 53 
52 53 
52 
52 















52 53 
52 53 
52 53 
52 53 
52 53 
52 53 
52 53 
52 53 
52 
























79 
79 
79 
79 
79 
79 
79 
79 
79 
79 
79 

























73 
73 
73 
73 
73 
73 
73 
73 
73 
73 
74 
74 
74 
74 
74 
74 
74 
74 
















70 
70 
70 
70 
70 
70 
70 
70 


67 
67 
67 
67 
67 
67 
67 




















65 
65 
65 
65 
65 


70 
70 
70 
70 
70 
70 
70 
70 



























70 
70 
70 
70 
70 
70 
70 
70 
70 
70 
















67 
67 
67 
67 
67 
67 
67 
67 
67 
67 























53 
52 53 
52 53 
52 53 
52 53 
52 53 
52 53 
52 53 
52 
52 
52 























41 
41 
41 
41 
41 
41 
41 
41 





























79 
79 
79 
79 
79 
79 
79 
79 
79 
79 
79 
























73 79 
73 79 
73 79 
73 79 
73 79 
73 79 
73 79 
73 79 
73 79 
79 
74 
74 
74 
74 
74 
74 
74 

















70 
70 
70 
70 
70 
70 
70 
70 


67 
67 
67 
67 
67 
67 
67 



















65 
65 
65 
65 
65 
65 


70 
70 
70 
70 
70 
70 
70 
70 

























70 
70 
70 
70 
70 
70 
70 
70 
70 
70 


























72 
72 
72 
72 
72 
72 
72 
72 
72 
72 












61 65 
51 61 65 70 
51 61 65 70 
51 61 65 70 
51 61 65 70 
51 61 65 70 
51 65 70 
51 70 
70 







































74 
74 
74 
74 
74 
74 
74 
74 














65 69 
50 60 65 69 
50 60 65 69 
50 60 65 69 
50 60 65 69 
50 60 65 69 
50 69 





































75 
75 
75 
75 
75 
75 
75 
















68 
55 59 65 68 
55 59 65 68 
55 59 65 68 
55 59 65 68 
55 65 
55 








































72 
72 
72 
72 
72 
72 
















67 
63 67 
48 58 63 67 
48 58 63 67 
48 58 63 67 
48 63 
48 







































74 
74 
74 
74 
74 
74 

















63 69 
53 57 63 66 69 
53 57 63 66 69 
53 57 63 66 69 
53 57 63 66 69 
57 66 69 
57 


























74 
74 
74 
74 
74 75 
74 75 
75 76 
75 76 
75 76 
76 
76 
76 
76 
76 
77 
77 
77 
77 
77 
77 
77 
77 














46 
46 
46 
46 
46 
46 








































53 
53 
53 
53 
53 
53 
53 




























75 
75 
75 
75 
75 
75 
75 
75 
75 




















63 
63 
63 
63 
63 67 
67 
67 
67 
67 
67 
67 74 
74 
74 
74 
74 
74 
74 
74 














53 
53 60 
53 60 
53 60 
60 
60 




























70 
70 
70 
70 
70 
70 
70 
70 



72 
72 
72 
72 
72 
72 
72 
72 

























74 
74 
74 
74 
74 
74 
74 
74 
74 













67 
67 
67 
67 
67 
67 
67 
66 67 
66 
66 
66 
66 
66 
66 
65 
65 
65 
65 
65 
65 
65 















46 53 
46 53 
46 53 
46 53 
46 53 
46 53 






































43 50 59 65 70 
43 50 59 65 70 
43 50 59 65 70 
43 50 59 65 70 
43 50 59 65 70 
43 59 65 70 






























67 
67 
67 
67 
67 
67 
67 
67 
67 














63 
58 63 
58 63 
58 63 
58 63 
58 63 
58 63 
58 

























48 
48 55 
48 55 
48 55 
48 55 
48 55 
48 55 
48 55 
55 




























41 48 
41 48 
41 48 
41 48 
41 48 
48 
48 


61 64 68 
61 64 68 
61 64 68 
61 64 68 
61 64 68 
61 64 68 
61 64 68 
64 65 68 
64 65 
65 
65 
65 
65 
65 






















66 
66 
66 
66 
66 
66 
66 
66 


















53 
53 
53 
53 
53 



46 
46 65 
46 65 
46 65 
46 65 
46 65 
65 
65 



















































65 
65 
65 
65 
65 
65 
65 






70 
70 
70 
70 
70 
70 
70 
70 
70 
70 






















51 61 
51 61 72 
51 61 72 
51 61 72 
51 61 72 
51 72 
72 
72 
72 
72 
72 


























74 
74 
74 
74 
74 
74 
74 
74 
74 
74 












60 
50 60 
50 60 
50 60 
50 60 
50 60 
50 60 
50 





75 
75 
75 
75 
75 
75 
75 
75 














59 75 
55 59 75 
55 59 75 76 
55 59 75 76 
55 59 75 76 77 
55 75 76 77 
55 75 76 77 
55 75 76 77 
76 77 
76 77 
76 77 
76 77 
































79 
79 
79 
79 
79 
79 
79 
79 
79 
79 














72 
72 
72 
72 
72 
72 
72 
72 
72 
72 
72 























48 58 
48 58 
48 58 
48 58 
48 58 
48 58 
48 58 
48 




































61 64 68 72 
42 58 61 64 68 72 
42 58 61 64 68 72 
42 58 61 64 68 72 
42 58 61 64 68 72 
42 61 64 68 72 
64 68 72 
64 72 



















































63 66 69 
63 66 69 72 
63 66 69 72 
63 66 69 72 
63 66 69 72 
63 66 69 72 
69 72 


























41 
41 
41 
41 
41 
41 
41 







































65 
59 65 
59 65 
59 65 
59 65 
59 65 




















43 50 
43 50 
43 50 
43 50 
43 50 
43 50 
43 50 






































48 
48 
48 
48 
48 
48 
48 

















67 
58 63 67 72 75 
58 63 67 72 75 
58 63 67 72 75 
58 63 67 72 75 
58 63 67 72 75 
58 63 67 72 75 
63 67 72 75 
63 67 72 






































63 67 72 75 
63 67 72 75 
63 67 72 75 
63 67 72 75 
63 67 72 75 
63 67 72 75 
67 72 



























71 
71 
71 
71 
71 
71 
71 
71 
71 


























67 74 
63 67 74 
63 67 74 
63 67 74 
63 67 74 
63 67 74 
67 74 

















53 
53 
53 
53 
53 




























72 
72 
72 
72 
72 
72 
72 
72 
72 
72 
72 





70 
70 
70 
70 
70 
70 
70 













72 
72 
60 72 
60 72 
60 72 
60 72 
60 72 
60 72 
72 
72 













74 
74 
74 
74 
74 
74 
74 
74 












65 
65 
65 
65 
65 
65 
65 
















48 
48 
48 
48 
48 
48 
48 





































58 62 
58 62 
58 62 
58 62 
58 62 
62 
62 

















63 
63 
63 
63 
63 







65 
65 
65 
65 
65 
65 
65 

















67 
67 
67 
67 
67 
67 
67 
67 

























58 63 
41 58 63 
41 58 63 
41 58 63 
41 58 63 
41 58 63 
41 58 








































60 63 
41 60 63 
41 60 63 
41 60 63 
41 60 
41 
































































48 
48 
48 
48 
48 
48 
48 
48 



















































65 
65 
65 
65 
65 
65 
65 
65 

69 
69 
69 
58 69 
58 69 
58 69 
58 69 
58 69 
69 
69 
69 














70 
70 
70 
70 
70 
70 
70 



72 
72 
72 
72 
72 
72 
72 
72 
72 
72 














74 
74 
74 
74 
74 
74 
74 
74 
74 
74 






















69 
63 66 69 
53 57 63 66 69 
53 57 63 66 69 
53 57 63 66 69 
53 57 66 69 
57 66 69 






































72 
72 
72 
72 
72 
72 
72 
72 
72 
72 















70 
70 
70 
70 
70 




72 
72 
72 
72 
72 
72 
72 
72 
72 
72 


























77 
77 
77 
77 
77 
77 
77 
77 
















65 72 
65 72 
50 60 65 72 
50 60 65 72 
50 60 65 72 
50 60 65 72 
50 72 
50 






































59 82 
55 59 71 75 82 
55 59 71 75 82 
55 59 71 75 82 
55 59 71 75 82 
55 71 75 82 
55 71 75 82 
71 75 82 
75 82 


























80 
80 
80 
80 
80 
80 
80 
80 















48 70 77 
48 70 77 
48 70 77 
48 70 77 
48 70 77 
48 70 77 
48 70 77 
48 77 

























58 
58 
58 
58 
58 
58 





63 
63 
63 
63 
63 
63 






70 
70 
70 
70 74 
70 74 
74 
74 
74 
74 
74 77 
77 
77 
77 
77 
77 
77 
77 
77 



73 
73 77 80 
73 77 80 
73 77 80 
73 77 80 
73 77 80 
73 77 80 
73 77 80 
73 77 80 
80 














53 
53 63 
53 63 
53 63 
53 63 
53 63 





71 75 78 
71 75 78 
71 75 78 
71 75 78 
71 75 78 
71 75 78 
71 75 78 





























65 69 72 74 77 
65 69 72 74 77 
65 69 72 74 77 
65 69 72 74 77 
65 69 72 74 77 
65 69 72 74 77 
65 69 72 74 77 
69 72 
















46 53 
46 53 
46 53 
46 53 
46 53 
46 53 









































65 70 
43 65 70 
43 65 70 
43 65 70 
43 65 70 
43 65 70 
43 
43 

























75 
75 
75 
75 
75 
75 
75 
75 
75 
75 















48 
48 
48 
48 
48 63 
48 63 
48 63 

58 
58 67 
58 67 
58 67 
58 67 
58 67 74 
67 74 
67 74 
74 
74 
74 
74 
74 

























70 
70 
70 
70 
70 
70 
70 
70 















72 
53 57 63 72 
53 57 63 72 
53 57 63 72 
53 57 63 72 
53 57 63 72 
53 57 63 72 
72 
72 
72 




































74 
74 
74 
74 
74 
74 
74 
74 
74 
74 












65 
65 
65 
65 
65 
65 
65 
65 


























47 57 
47 57 
47 57 
47 57 
47 57 
47 57 








































48 58 65 
48 58 65 
48 58 65 
48 58 65 
48 58 65 
48 65 
65 


























47 
47 57 
47 57 64 
47 57 64 
57 64 
57 64 
64 
64 
64 




























48 58 65 
48 58 65 
48 58 65 
48 58 65 
48 58 65 
65 
65 

















62 
62 
62 
62 
62 





65 
65 
65 
65 
65 


















61 64 
61 64 68 
61 64 68 
61 64 68 
61 64 68 
61 64 68 
64 65 68 
65 68 
65 

























41 48 
41 48 
41 48 
41 48 
41 48 
48 





66 
66 
66 
66 
66 

















65 
60 62 65 
60 62 65 
53 60 62 65 
46 53 60 62 65 
60 62 65 
60 62 


































































65 
65 
65 
65 
65 
65 
65 
65 
51 61 65 
51 61 70 
51 61 70 
51 61 70 
51 70 
70 
70 
70 
70 
70 


























72 
72 
72 
72 
72 
72 
72 
72 
72 
72 

























50 60 
50 60 74 
50 60 74 
50 60 74 
50 60 74 
50 60 74 
50 74 
74 
74 
74 
74 
























75 
75 
75 
75 
75 
75 
75 
75 
75 
























59 75 
55 59 75 76 
55 59 75 76 
55 59 75 76 77 
55 75 76 77 
55 75 76 77 
55 75 76 77 
75 76 77 
76 77 
76 77 
76 77 
77 

























79 
79 
79 
79 
79 
79 
79 
79 
79 
79 













48 58 72 
48 58 72 
48 58 72 
48 58 72 
48 58 72 
48 72 
48 72 
72 
72 
72 
























































62 63 67 84 
62 63 67 84 
62 63 67 84 
62 63 67 84 
62 63 67 84 
62 63 67 84 
62 63 67 84 
84 
84 
84 
84 









79 
79 
79 
79 
79 
79 
79 



75 
75 
75 
75 



72 
72 
72 
72 
72 
72 
72 
72 

83 
83 
83 
83 
83 
83 
83 
83 
83 
















79 
79 
79 
79 
79 
79 




82 
82 
82 
82 
82 
82 
82 
82 
82 














53 63 
53 63 79 
53 63 79 
53 63 79 
53 63 79 
53 63 79 
79 
79 
79 
79 




75 
75 
75 
75 


















72 
72 
72 
72 
72 
72 
72 



81 
81 
81 
81 
81 
81 
81 
81 
81 
81 
81 











60 
60 
60 
60 
60 
60 
60 
60 
60 





































48 
48 
48 
48 
48 
48 
48 
48 


















































58 67 75 
58 67 75 
58 67 75 
58 67 75 
58 67 75 
58 67 75 
58 67 75 
67 75 
67 75 
67 


























55 
55 
55 
55 
55 
55 
55 
55 


74 
74 
74 
74 
74 
74 
74 
74 
74 
74 


























53 72 
53 72 
53 72 
53 72 
53 72 
53 72 
72 
72 
72 














63 69 
63 66 69 
63 66 69 
63 66 69 
63 66 69 
66 69 
69 






































69 
69 
69 
69 
69 
69 
69 
69 
69 
69 
69 














70 
70 
70 
70 
70 
70 
70 

















72 
72 
72 
72 
72 
72 
72 
72 












48 
48 65 
48 65 
48 65 
48 65 
48 65 


















58 77 
58 77 
58 77 
58 77 
58 77 
58 77 
77 
77 
77 












75 
55 75 
55 75 
55 75 
55 75 
55 75 
55 75 
55 75 
55 













62 
62 74 
62 74 
62 74 
62 74 
62 74 
62 74 
74 
74 














48 63 
48 63 
48 63 
48 63 
48 63 
48 63 
48 63 
48 













70 
70 
70 
70 
70 
70 


72 
72 
72 
72 
72 
72 
72 74 
72 74 
72 74 
74 
74 
74 
74 
74 
74 


























55 
55 
55 
55 
55 
55 
55 







































65 71 
65 68 71 
59 65 68 71 
59 65 68 71 
59 65 68 71 
59 68 
68 






















































55 
55 
55 
55 
55 
55 
55 
55 
55 
48 
48 
48 
48 
48 
48 
48 
48 















65 69 72 77 
65 69 72 77 
65 69 72 77 
65 69 72 77 
65 69 72 77 
65 69 72 77 
65 69 72 77 
65 69 72 77 
65 69 72 































58 
58 
58 
58 
58 



63 69 74 77 81 
63 69 74 77 81 
63 69 74 77 81 
63 69 74 77 81 
63 69 74 77 81 
63 69 74 77 81 
63 69 74 77 81 
69 74 81 
69 
69 














70 74 77 82 
70 74 77 82 
70 74 77 82 
70 74 77 82 
70 74 77 82 
70 74 77 82 
70 74 77 82 
70 74 77 82 
82 













72 
72 84 
72 84 
72 84 
72 84 
72 84 
72 84 
72 84 
72 84 
84 
84 




53 
53 
53 
53 
53 
53 57 
57 63 74 
57 63 74 
57 63 74 78 81 
57 63 74 78 81 
57 63 74 78 81 86 
57 63 74 78 81 86 
74 78 81 86 
78 81 86 
78 81 86 
81 86 
86 
86 
86 

























































63 67 69 
63 67 69 
63 67 69 
63 67 69 
63 67 69 
63 67 69 
67 69 
67 
















72 76 79 84 
72 76 79 84 
72 76 79 84 
72 76 79 84 
72 76 79 84 
72 76 79 84 
72 76 79 84 
72 76 79 84 
72 76 79 84 
72 76 84 




































82 
82 
82 
82 
82 
82 
82 
82 
82 
82 















46 
46 
46 
46 
46 
46 
46 
46 






































46 62 70 
46 58 62 70 
46 58 62 70 
46 58 62 70 
46 58 62 70 
46 58 62 70 
58 62 70 
62 
























48 63 
48 63 
48 58 63 70 
48 58 63 70 
48 58 63 70 
48 58 63 70 
58 70 
58 70 



















45 
45 
45 
45 
45 


49 
49 64 70 
49 58 64 70 
49 58 64 70 
49 58 64 70 
58 64 70 
58 64 70 
58 64 70 
64 















































50 65 70 
50 65 70 
50 65 70 
50 65 70 
50 65 70 
50 65 70 
50 65 70 
50 65 70 
50 
























38 60 66 69 
38 60 66 69 
38 60 66 69 
38 60 66 69 
38 60 66 69 
38 60 66 69 
38 60 66 69 
38 60 66 69 
38 69 



























50 
50 
50 
50 
50 
50 
50 
50 



43 
43 
43 
43 
43 
43 
43 
43 
43 
43 




























































58 62 67 69 82 86 91 94 
58 62 67 69 82 86 91 94 
58 62 67 69 82 86 91 94 
58 62 67 69 82 86 91 94 
58 62 67 69 82 86 91 94 
58 62 67 69 82 86 91 94 
62 67 69 82 86 91 94 
67 82 86 91 94 
82 86 91 94 
86 
























66 93 
66 81 86 93 
66 81 86 93 
66 81 86 93 
66 81 86 93 
66 81 86 93 
66 81 86 93 
66 81 86 93 
81 86 93 
81 86 93 


























65 79 86 91 
65 79 86 91 
65 79 86 91 
65 79 86 91 
65 79 86 91 
65 79 86 91 
65 79 86 91 
79 86 91 
79 86 91 
79 86 91 

























76 
76 88 
76 88 
76 88 
76 88 
76 88 
76 88 
76 88 
88 















58 
58 
58 
58 
58 




69 77 89 
62 69 77 89 
62 64 69 77 89 
62 64 69 77 89 
62 64 69 77 89 
62 64 69 77 89 
62 64 77 89 
64 89 
64 
















69 
62 64 69 79 91 
58 62 64 69 79 91 
58 62 64 69 79 91 
58 62 64 69 79 91 
58 62 64 69 79 91 
62 64 69 79 91 
62 64 69 79 91 
64 79 91 
79 91 
79 91 
































53 64 81 84 88 93 
53 64 81 84 88 93 
53 64 81 84 88 93 
53 64 81 84 88 93 
53 64 81 84 88 93 
53 64 81 84 88 93 
53 64 81 84 88 93 
53 64 81 84 88 93 
81 84 88 93 
81 84 93 




























































64 
60 64 
60 64 
60 64 
60 64 
60 64 
60 64 
60 64 
60 64 
64 














67 
67 
67 
67 
67 
67 
67 
67 
67 
67 














69 
69 
69 
69 
69 
69 
69 
69 
69 













64 67 72 
64 67 72 
64 67 72 
64 67 72 
64 67 72 
64 67 72 
64 67 72 
64 67 72 
64 67 72 
72 












41 
41 
41 
41 
41 
41 
41 


















48 
48 
48 
48 
48 
48 
48 
48 
48 














57 
57 
57 
57 
57 
57 
57 
57 
57 
57 











43 65 
43 65 70 
43 65 70 
43 65 70 
43 65 70 
43 65 70 
43 65 70 
43 65 70 
43 70 













42 
42 64 69 
42 64 69 
42 64 69 
42 64 69 
42 64 69 
42 64 69 
64 69 
64 69 
64 69 
64 












41 63 68 
41 63 68 
41 63 68 
41 63 68 
41 63 68 
41 63 68 
41 63 68 
41 63 68 
63 68 



























































80 84 87 92 
80 84 87 92 
80 84 87 92 
80 84 87 92 
80 84 87 92 
80 84 87 92 
80 84 87 92 
80 84 87 92 
80 84 87 92 
80 84 87 92 
84 












67 68 
67 68 
67 68 
67 68 
67 68 
67 68 
67 68 
67 68 
67 68 
























91 
79 84 91 
79 84 91 
79 84 91 
79 84 91 
79 84 91 
79 84 91 
79 84 91 
79 84 91 
79 84 
79 



77 89 
77 89 
77 89 
77 89 
77 89 
77 89 
77 89 
89 

















46 
46 
46 
46 
46 
46 
46 



74 86 
74 86 
74 86 
74 86 
74 86 
74 86 
74 86 
74 86 


























53 75 87 
53 75 87 
53 75 87 
53 75 87 
53 75 87 
53 75 87 
53 75 87 
75 87 


























62 77 89 
62 77 89 
62 77 89 
62 77 89 
62 77 89 
62 77 89 
62 77 89 
62 77 89 


















51 
51 
51 
51 
51 
51 
51 62 79 
62 79 
62 79 84 
62 79 84 86 
62 79 84 86 
62 79 84 86 
62 79 84 86 91 
62 84 86 91 
84 86 91 
84 86 91 
84 86 91 
91 
91 
91 
91 
91 











































67 
67 
67 72 74 79 
67 72 74 79 
67 72 74 79 
67 72 74 79 
67 72 74 79 
67 72 74 79 
67 72 74 79 
72 74 79 
72 79 
79 
























58 
58 
58 
58 
58 
58 
58 
58 
























90 
86 90 
81 86 90 
81 86 90 
81 86 90 
81 86 90 
81 86 90 
81 86 
81 86 
81 86 
78 81 
78 
78 























53 63 
53 63 
53 63 
53 63 
53 63 
53 63 
53 63 
63 

























63 69 78 
63 69 74 78 
63 69 74 78 
63 69 74 78 
63 69 74 78 
63 69 74 78 
63 69 74 78 
63 69 74 78 
69 74 
69 


60 
60 
60 
60 75 
60 75 
60 66 71 75 
60 66 71 75 
66 71 



























57 63 68 72 
57 63 68 72 
57 63 68 72 
57 63 68 72 
57 63 68 72 
57 63 68 72 
57 72 




























65 67 
62 65 67 69 
62 65 67 69 
62 65 67 69 
62 65 67 69 
62 67 69 
67 69 
69 
69 















46 53 
46 53 
46 53 
46 53 
46 53 
46 53 
46 53 
53 








































77 89 
77 89 
77 89 
77 89 
77 89 
77 89 
77 89 
77 89 
77 89 
77 89 
























75 
75 87 
75 87 
75 87 
75 87 
75 87 
87 
87 

























74 
74 
74 79 
74 79 86 
74 79 86 
74 79 86 
79 86 
79 86 
79 86 
79 86 
86 
86 














70 82 
70 82 
70 82 
70 82 
70 82 
70 82 
70 82 
70 82 
70 





































72 84 
72 84 
72 84 
72 84 
72 84 
72 84 
72 84 
72 84 
72 84 
72 84 
72 84 























74 86 
74 86 
74 86 
74 86 
74 86 
74 86 
74 86 
74 86 
74 86 
74 86 
86 





















79 
79 
79 84 
79 84 
79 84 91 
79 84 91 
79 84 91 
84 91 
84 91 
84 91 
84 91 
84 91 
91 
91 
91 











44 60 
44 60 
44 60 
44 60 
44 60 
44 60 
44 60 
44 60 



































68 
62 67 68 72 
62 67 68 72 
62 67 68 72 
62 67 68 72 
62 67 68 72 
62 67 72 
62 67 72 



























77 89 
77 89 
77 89 
77 89 
77 89 
77 89 
77 89 
77 89 
77 89 
77 89 
















56 
56 
56 
56 
56 
60 
60 
60 66 
60 66 75 
60 66 75 
60 66 75 80 
60 66 75 80 87 
60 66 80 87 
66 80 87 
80 87 
80 87 
80 87 
80 87 
87 
87 










































74 
74 
55 65 74 81 
55 59 65 74 81 
55 59 65 74 81 86 
55 59 65 74 81 86 
55 59 65 74 81 86 
55 59 65 74 81 86 
55 59 81 86 
81 86 
86 
86 
86 






















80 
80 
80 
80 
80 
80 
80 
80 


























48 58 
48 58 75 79 
48 58 75 79 
48 58 75 79 
48 58 75 79 
48 58 75 79 
48 75 79 
75 79 
79 
79 

































































65 
65 
65 
65 
65 
65 
65 
65 
65 



69 
69 
69 
69 
69 
69 
69 
69 















70 
70 
70 
70 
70 
70 
70 
70 
70 

72 
72 
72 
72 
72 
72 
72 
72 
72 
















74 
74 
74 
74 
74 
74 
74 
74 
74 
74 
75 
75 
75 
75 
75 
75 
75 
75 
75 























53 57 63 73 
53 57 63 73 
53 57 63 73 
53 57 63 73 
53 57 63 73 74 
73 74 
73 74 
73 74 
73 74 
74 
74 
























70 
70 
70 
70 
70 
70 
70 
70 
70 
70 















65 
65 
65 
65 
65 
65 
65 


69 
69 
69 
69 
69 
69 
69 
69 
69 
69 














70 
70 
70 
70 
70 
70 
70 
70 
70 
70 























52 53 
52 53 
52 53 
52 53 
52 53 
52 53 
52 53 
52 53 
52 53 
52 
52 





































77 
77 78 79 
77 78 79 
77 78 79 
77 78 79 
77 78 79 
77 78 79 
77 78 79 
77 78 79 
77 78 79 
78 79 























82 
82 
82 
82 
82 
82 
82 
82 
82 
82 














82 
80 82 
80 82 
80 82 
80 82 
80 82 
80 82 
80 82 
80 82 
80 82 
80 

























77 82 
77 82 
77 82 
77 82 
77 82 
77 82 
77 82 
77 82 
77 82 
77 82 
77 























76 
76 82 
76 82 
76 82 
76 82 
76 82 
76 82 
76 82 
76 82 
76 82 
76 82 
75 76 
75 
75 
75 
75 
75 
75 

















73 
73 
73 
73 
73 
73 
71 73 
71 73 
71 73 
71 
70 71 
70 
70 
70 
70 
70 
70 
70 
70 
















65 
65 
65 
65 
65 



46 69 
46 69 
46 69 
46 69 
46 69 
46 69 
69 
69 
















70 
70 
70 
70 
70 
62 70 
62 70 
62 70 
62 70 
62 70 
62 
62 
































43 
43 70 
43 70 
43 70 
43 70 
43 70 
43 70 
70 
70 
70 
70 












59 
59 
59 
59 
59 
59 
59 































48 
48 
48 
48 
48 
48 
48 
48 
48 


58 
58 
58 
58 
58 

















62 
62 
62 
62 
62 
62 
62 
62 
62 
62 


63 
63 
63 
63 
63 
63 






67 
67 
67 
67 
67 
67 
67 
67 


70 
70 
70 
70 
70 
70 
70 
70 
70 




74 
74 
74 
74 
74 
74 
74 
74 
74 
74 











53 57 63 77 
53 57 63 77 
53 57 63 77 
53 57 63 77 
53 57 63 77 
53 57 63 77 
53 57 63 77 
57 77 
77 
77 



73 
73 
73 
73 
73 
73 
73 

















69 
69 
69 
69 
69 
69 




72 
72 
72 
72 
72 
72 
72 
72 
72 
72 














50 60 65 
50 60 65 
50 60 65 
50 60 65 
50 60 65 
50 60 65 
50 60 65 
50 60 65 
50 


























































55 59 65 
55 59 65 
55 59 65 
55 59 65 
55 59 65 
55 59 65 
55 65 








































48 58 
48 58 79 
48 58 79 
48 58 79 
48 58 79 
48 58 79 
48 79 
79 
79 
79 
79 
79 
79 













70 
70 
70 
70 






75 
75 
75 
75 
75 
75 
75 

















79 
79 
79 
79 
79 
79 
79 
79 
79 
79 
79 

80 
80 
80 
80 
80 
80 
80 
80 













63 
53 57 63 78 
53 57 63 78 
53 57 63 78 
53 57 63 78 
53 57 63 78 
53 57 63 78 
57 78 
78 
78 
78 


73 
73 
73 
73 
73 


















75 
75 
75 
75 
75 
75 




76 
76 
76 
76 77 
76 77 
76 77 
76 77 
76 77 
77 
77 
77 
77 










46 53 
46 53 
46 53 
46 53 
46 53 
46 53 
46 53 






































51 
51 62 
51 62 74 
51 62 74 
51 62 74 
51 62 74 
62 74 
62 74 
74 
74 
74 
74 
74 














65 
65 
65 







69 
69 
69 
69 
69 
69 
69 
69 
















60 72 
50 60 72 
50 60 72 
50 60 72 
50 60 72 
50 60 72 
50 72 
72 
72 
72 
72 
74 
74 
74 
74 
74 
74 
74 
74 
74 
























74 
74 
74 
74 
74 
74 
74 
74 
74 
74 
74 










73 
73 
73 
73 
73 


72 
72 
72 
72 
72 
72 
72 
72 
71 72 
71 
71 
71 
71 
71 
71 
71 













59 80 
55 59 80 
55 59 80 
55 59 80 
55 59 80 
55 59 80 
55 59 80 
55 80 
55 80 
55 80 



79 
79 
79 
79 
79 
79 
79 
79 
















74 
74 
74 
74 
74 




77 
77 
77 
77 
77 
77 
77 
77 
77 














48 
48 58 
48 58 74 
48 58 74 
48 58 74 
48 58 74 
48 58 74 
48 74 
48 74 
74 
74 
74 
75 
75 
75 
75 
75 











79 
79 
79 
79 
79 
79 




82 
82 
82 
82 
82 
82 
82 



74 
74 86 
74 76 86 
74 76 86 
74 76 86 
74 76 86 
74 76 86 
74 86 
74 86 
74 86 
86 















































84 
84 
84 
84 
84 
84 
55 59 65 84 
55 59 65 84 
55 59 65 84 
55 59 84 
55 59 84 
84 

83 
83 
83 
83 
83 
83 
83 
83 























74 
74 
74 
74 
74 
74 
74 
74 
74 

















































62 
62 
62 
62 
62 
62 
62 
62 




74 
74 
74 
74 
74 
74 
74 
74 




75 
75 
75 
75 






79 
79 
79 
79 
79 
79 
79 
79 
79 

48 58 
48 58 82 
48 58 82 
48 58 82 
48 58 82 
48 82 
82 
82 
82 
82 
82 













82 
82 
82 
82 
82 
82 
82 
82 
82 



79 
79 
79 
79 
79 
79 
79 
79 














79 
79 
79 
79 
79 
79 
79 
79 
79 
79 



75 
75 
75 
75 
75 
75 















75 
75 
75 
75 
75 
75 
75 
75 





72 
72 
72 
72 
72 
72 
72 
72 
72 
























49 64 80 
49 64 80 
49 64 80 
49 64 80 
49 64 80 
49 64 80 
64 80 
80 
80 
80 















80 
80 
80 
80 
80 
80 
80 
80 
80 


76 
76 
76 
76 
76 
76 
76 
76 















76 
76 
76 
76 
76 
76 
76 
76 
76 
76 


73 
73 
73 
73 
73 
73 
73 
















73 
73 
73 
73 
73 
73 
73 
73 


68 
68 
68 
68 
68 
68 




























48 63 
48 63 
48 63 
48 63 
48 63 
48 63 
48 63 
48 

























77 
77 
77 
77 
77 
77 
77 
77 
77 
77 
77 













75 
75 
75 
75 
75 
75 
75 
75 
75 


























67 
67 
67 
67 
67 
67 
67 
67 
67 
67 


70 
70 
70 
70 
70 
70 
70 
70 















74 
74 
74 
74 
74 
74 
74 
74 
74 
74 
63 
53 57 63 
53 57 63 75 
53 57 63 75 
53 57 75 
53 57 75 
57 75 
75 76 
75 76 
76 
76 
76 
76 
76 




77 
77 
77 
77 
77 



80 
80 
80 
80 
80 
80 
80 
80 
80 


77 
77 
77 
77 
77 
77 
77 
77 



























75 
75 
75 
75 
75 
75 
75 
75 















77 
77 
77 
77 
77 
77 
77 
77 
77 


73 
73 
73 
73 
73 
73 
73 
73 















74 
74 
74 
74 
74 
74 
74 
74 
74 


70 
70 
70 
70 
70 
70 
70 















48 58 66 
48 58 66 
48 58 66 
48 58 66 
48 58 66 
48 58 66 
48 58 66 
48 66 
66 
66 





































67 
67 
67 
67 
67 
67 
67 
67 
67 


























68 
68 
68 
68 
68 
68 
68 
68 
68 
68 























63 
53 63 
53 63 69 
53 63 69 
53 63 69 
53 69 
69 
69 
69 
69 
69 












78 
78 
78 
78 
78 
78 
78 
78 
78 
78 






75 
75 
75 
75 
75 














76 
76 
76 
76 
76 
76 
76 
76 
76 
76 



77 
77 
77 
77 
77 
77 
77 
77 
77 














74 
74 
74 
74 
74 
74 
74 



75 
75 
75 
75 
75 
75 
75 
75 
75 














77 
77 
77 
77 
77 
77 
77 
77 
77 



73 
73 
73 
73 
73 
73 


74 
74 
74 
74 
74 
74 
74 
74 







52 53 
52 53 
52 53 
52 53 
52 53 
52 53 
52 53 
52 53 
52 


70 
70 
70 
70 
70 
70 
70 
70 

















65 
65 
65 
65 
65 
65 



70 
70 
70 
70 
70 
70 
70 
70 
70 














41 
41 
41 
41 
41 
41 
41 
41 
41 



























48 
48 
48 
48 
48 
48 
48 
48 


58 63 
58 63 
58 63 
58 63 
58 63 
58 63 
58 63 
63 
















67 
67 
67 
67 
67 
67 
67 
67 



70 
70 
70 
70 
70 
70 
70 
70 

















66 69 74 
66 69 74 
66 69 74 
66 69 74 
66 69 74 
66 69 74 
66 69 74 
66 69 74 
69 74 
69 74 






















53 57 63 
53 57 63 
53 57 63 
53 57 63 
53 57 63 
53 57 63 
53 57 63 







































46 53 
46 53 81 
46 53 81 
46 53 81 
46 53 81 
46 53 81 
46 53 81 
81 
81 
81 
81 
81 
81 













82 
82 
82 
82 
82 
82 
82 
82 
82 
























82 
82 
82 
82 
82 
82 
82 
82 
82 
82 



81 
81 
81 
81 
81 
81 
81 
81 














43 50 
43 50 
43 50 
43 50 
43 50 
43 50 
43 50 
50 



82 
82 
82 
82 
82 
82 
82 
82 
82 
82 























48 58 
48 58 79 
48 58 79 
48 58 79 
48 58 79 
48 58 79 
48 79 
79 
79 
79 
79 

























82 
82 
82 
82 
82 
82 
82 
82 
82 
82 















77 
77 
77 
77 
77 
77 
77 
77 
77 
77 
77 




















53 57 63 
53 57 63 
53 57 63 
53 57 63 
53 57 63 
53 57 63 
57 
57 






































50 65 
50 60 65 82 
50 60 65 82 
50 60 65 82 
50 60 82 
50 60 82 
60 82 
82 
82 
82 
82 
















81 
81 
81 
81 
81 




82 
82 
82 
82 
82 
82 
82 
82 
82 
82 













81 
81 
81 
81 
81 
81 
81 
81 
81 
81 
81 



77 
77 
77 
77 
77 
77 
77 














55 59 65 71 
55 59 65 71 
55 59 65 71 
55 59 65 71 
55 59 65 71 
55 59 65 71 
55 65 71 
71 
71 


70 
70 
70 
70 
70 
70 
70 
















68 
68 
68 
68 
68 
68 
68 
68 




67 
67 
67 
67 
67 
67 
67 















48 58 
48 58 
48 58 70 
48 58 70 
48 58 70 
48 58 70 
48 58 70 
48 70 
70 
70 



74 
74 
74 
74 
74 
74 
74 















76 
76 
76 
76 
76 
76 
76 
76 
76 
76 
76 


77 
77 
77 
77 
77 
77 
77 
77 
77 












53 57 63 75 
53 57 63 75 
53 57 63 75 
53 57 63 75 
53 57 63 75 
53 57 63 75 
53 57 63 75 
75 
75 




71 
71 
71 
71 
71 
71 















66 
66 
66 
66 
66 
66 
66 





65 
65 
65 
65 
65 
65 
65 
65 











53 
46 53 
46 53 
46 53 
46 53 
46 53 
46 53 
46 53 
46 







































51 61 
51 61 
51 61 65 
51 61 65 
51 61 65 
51 61 65 
51 61 65 
51 65 
65 
65 
65 

67 
67 
67 
67 
67 
67 
67 
67 




70 
70 
70 
70 
70 
70 
70 
70 




73 
73 
73 
73 
73 
73 
73 
73 
73 
73 
















70 
70 
70 
70 
70 
70 
70 



72 
72 
72 
72 
72 
72 
72 
72 
72 
72 
72 













50 60 
50 60 
50 60 
50 60 
50 60 
50 60 
50 60 
50 60 
50 60 
50 60 


































43 50 
43 50 
43 50 
43 50 
43 50 
43 50 
43 50 
43 50 
43 50 
















































70 
70 
70 
67 70 
67 70 
67 70 
67 70 
67 70 
67 70 
67 70 
67 
48 58 
48 58 65 
48 58 65 
48 58 65 
48 58 65 
48 65 
65 




















67 
67 
67 
67 
67 
67 
67 


70 
70 
70 
70 
70 
70 
70 
70 
70 















73 79 
73 79 
73 79 
73 79 
73 79 
73 79 
73 79 
73 79 
73 79 
73 79 
79 



75 
75 
75 
75 
75 


79 
79 
79 
75 79 
75 79 
75 79 
75 
75 
75 
73 
73 
73 
73 
73 
70 73 
70 73 
70 
70 
70 
70 
70 
70 



79 
72 79 
72 79 
72 79 
72 79 
72 79 
72 79 
72 79 
72 79 
72 
72 
72 











79 
67 79 
67 79 
67 79 
67 79 
67 79 
67 79 
67 79 
67 79 
67 
67 






















63 
53 57 63 
53 57 63 
53 57 63 
53 57 63 
53 57 63 
53 57 63 
53 57 63 
53 57 63 
53 57 
57 

































65 77 82 
55 59 65 71 77 82 
55 59 65 71 77 82 
55 59 65 71 77 82 
55 59 65 71 77 82 
55 59 65 71 77 82 
55 59 71 77 82 
55 59 71 77 82 
71 77 82 
71 77 

























71 77 80 
71 77 80 
71 77 80 
71 77 80 
71 77 80 
71 77 80 
71 77 80 
71 77 80 
71 77 80 
















48 
48 
48 
48 
48 
48 
48 
48 


63 
63 70 75 
63 70 75 79 
63 70 75 79 
63 70 75 79 
63 70 75 79 
70 75 79 
70 75 79 
70 75 79 
70 79 
79 

























77 
77 
77 
77 
77 
77 
77 
77 
77 
77 
77 













74 
74 
74 
74 
74 
74 
74 
74 
74 
74 


75 
75 
75 
75 
75 
75 
75 






79 
79 
79 
79 
79 
79 





82 
82 
82 
82 
82 






74 86 
74 86 
74 86 
74 86 
74 86 
74 86 
74 86 
74 86 
74 86 
74 86 
74 86 











87 
75 87 
75 87 
75 87 
75 87 
75 87 
75 87 
75 87 
75 87 
75 87 
75 


76 88 
76 88 
76 88 
76 88 
76 88 
76 88 
76 88 
76 88 













77 89 
77 89 
77 89 
77 84 89 
77 84 89 
77 84 89 
77 84 89 
77 89 
77 89 
77 89 



86 
86 
86 
86 
86 
86 
86 
















49 59 
49 59 
49 59 
49 59 
49 59 
49 59 
49 59 
49 59 
49 59 
























59 65 70 
59 65 70 
59 65 70 
59 65 70 
59 65 70 
59 65 70 
59 65 70 
59 65 70 
59 65 


























67 
58 62 63 67 
58 62 63 67 
58 62 63 67 
58 62 63 67 
58 62 63 67 
58 62 63 67 
58 62 63 67 
58 63 67 
























91 
91 
91 
91 
91 
91 
91 
91 
91 
91 
91 
91 




89 
89 
89 
89 
89 
89 
89 
89 
89 









86 
86 
86 
86 
86 
86 
86 
86 
86 
86 
86 




82 
82 
82 
82 
82 
82 













79 
79 
79 
79 
79 
79 
79 
79 
79 
79 


77 
77 
77 
77 
77 
77 
77 

















75 
75 
75 
75 
75 




85 
85 
85 
85 
85 
85 
85 
85 
85 
85 
85 












59 65 70 
59 65 70 
59 65 70 
59 65 70 
59 65 70 
70 






85 
85 
85 
85 
85 
85 
85 
85 
85 
85 















82 
82 
82 
82 
82 
82 
82 
82 
82 
82 



77 
77 
77 
77 
77 
77 
















73 
73 
73 
73 
73 
73 
73 
73 



71 
71 
71 
71 
71 
71 
71 


















68 
68 
68 
68 
68 
68 



70 
70 
70 
70 
70 
70 
70 
70 
70 














48 58 
48 58 
48 58 
48 58 
48 58 
48 58 
48 58 
48 58 
48 
48 

































67 
62 63 67 
62 63 67 
62 63 67 
62 63 67 
62 63 67 
62 63 67 
62 67 





























70 82 
70 82 
70 82 
70 82 
70 82 
70 82 
70 82 
70 82 
70 82 
70 82 














53 
53 
53 
53 
53 
53 



63 
63 
63 73 
63 73 82 
63 73 82 
63 73 82 
73 82 
73 82 
73 82 
73 74 82 
74 82 
74 
74 














75 82 
75 82 
75 82 
75 82 
75 82 
75 82 
75 82 
75 82 
75 
75 

76 
76 
76 
76 
76 
76 
76 
76 
76 














77 82 
77 82 
77 82 
77 82 
77 82 
77 82 
77 82 
77 82 
77 82 
77 82 




73 
73 
73 82 
73 



74 
74 
74 
74 
74 
74 
74 
74 






57 
57 
57 
57 
57 
57 
57 
57 


73 82 
73 82 
73 82 
73 82 
73 82 
73 82 
73 82 
73 74 82 
74 82 
74 
74 
74 













70 
70 
70 
70 
70 
70 
70 
70 
70 
70 




















46 53 
46 53 
46 53 
46 53 
46 53 
46 53 
46 53 
46 53 
46 53 
53 




































66 
66 
66 
66 
66 
66 
66 
66 
66 
66 














67 
67 
67 
67 
67 
67 
67 



70 
70 
70 
70 
70 
70 
70 
70 
70 














63 67 74 
45 60 63 67 74 
45 60 63 67 74 
45 60 63 67 74 
45 60 63 67 74 
45 60 63 67 74 
45 60 63 67 74 
45 60 63 67 74 
45 60 63 67 74 
45 74 




































72 
72 
72 
72 
72 
72 
72 
72 
72 













77 
60 66 70 77 
50 60 66 70 77 
50 60 66 70 77 
50 60 66 70 77 
50 60 66 70 77 
50 60 66 70 77 
50 60 66 70 77 
50 60 66 70 77 
50 70 





































75 
75 
75 
75 
75 
75 
75 
75 














65 
43 58 65 70 74 
43 58 65 70 74 
43 58 65 70 74 
43 58 65 70 74 
43 58 65 70 74 
43 58 65 70 74 
43 58 65 70 74 
43 70 74 
74 



























74 
74 
74 
74 
74 
74 
74 
74 
74 
74 



75 
75 
75 
75 
75 
75 
75 






79 
79 
79 
79 
79 
79 
79 
79 

82 
82 
82 
82 
82 
82 
82 




75 
75 87 
75 87 
75 87 
75 87 
75 87 
75 87 
75 87 
75 87 
75 87 













44 60 
44 60 
44 60 
44 60 
44 60 
44 60 
44 60 
44 60 
44 60 








































60 
49 60 84 
49 60 84 
49 60 84 
49 60 84 
49 60 84 
49 60 84 
60 84 
84 
84 
84 
84 
84 












77 
77 
77 
77 
77 
77 




80 
80 
80 
80 
80 
80 
80 
80 
80 














84 
84 
84 
84 
84 
84 
84 
84 
84 
84 
84 



90 
90 
90 
90 
90 
90 
90 
90 
90 










62 86 
52 62 86 
52 62 86 
52 62 86 
52 62 86 
52 62 86 
52 62 86 
52 62 86 
52 86 
52 86 




83 
83 
83 
83 
83 
83 














78 
78 
78 
78 
78 
78 






88 
88 
88 
88 
88 
88 
88 
88 
88 
88 











45 
45 61 85 
45 61 85 
45 61 85 
45 61 85 
45 61 85 
45 61 85 
45 85 
85 
85 
85 




83 
83 
83 
83 
83 
83 
83 
83 














78 
78 
78 
78 







86 
86 
86 
86 
86 
86 
86 
86 
86 
86 
86 










48 58 
48 58 82 
48 58 82 
48 58 82 
48 58 82 
48 58 82 
48 58 82 
48 82 
48 82 
82 





79 
79 
79 
79 
79 
79 
79 
79 















84 
84 
84 
84 
84 
84 
84 
84 
84 
84 


81 
81 
81 
81 
81 
81 
81 












53 60 64 
53 60 64 84 
53 60 64 84 
53 60 64 84 
53 60 64 84 
53 60 64 84 
53 60 64 84 
60 84 
84 
84 



89 
89 
89 
89 
89 
89 
89 















93 
93 
93 
93 
93 
93 
93 
93 
93 
93 



88 
88 
88 
88 
88 
88 
88 
88 

86 
86 
86 
86 
86 
86 
86 
86 















86 
86 
86 
86 
86 
86 
86 
86 
86 
86 
























53 
53 
53 
53 
53 
53 
53 
53 















63 67 
63 67 
63 67 
63 67 
63 67 
63 67 
63 67 
67 
67 
67 
67 

68 
68 
68 
68 
68 







72 
72 
72 
72 
72 
72 
72 
72 



75 
75 
75 
75 
75 
75 
75 
75 
75 




80 
80 
80 
80 
80 
80 
80 
80 











64 
54 58 64 
54 58 64 76 
54 58 64 76 
54 58 64 76 
54 58 64 76 
54 58 64 76 
54 58 64 76 
58 64 76 
76 
76 
76 



73 
73 
73 
73 
73 
73 















80 
80 
80 
80 
80 
80 
80 
80 
80 
80 




78 
78 
78 
78 
78 
78 
78 
78 













47 63 75 
47 63 75 
47 63 75 
47 63 75 
47 63 75 
47 63 75 
47 63 75 
75 
75 



73 
73 
73 
73 
73 
73 


















71 
71 
71 
71 
71 
71 
71 




74 
74 
74 
74 
74 
74 
74 
74 
74 
74 












50 60 
50 60 73 
50 60 73 
50 60 73 
50 60 73 
50 60 73 
50 60 73 
50 60 73 
50 73 
73 


72 
72 
72 
72 
72 
72 
72 
72 















74 
74 
74 
74 
74 
74 
74 
74 
74 
74 



71 
71 
71 
55 59 62 64 71 
55 59 62 64 71 
55 59 62 64 71 
55 59 62 64 71 
55 59 62 64 71 
59 62 64 













74 
74 
74 
74 
74 
74 
74 
74 
74 



79 
79 
79 
79 
79 
79 
79 
79 
79 












83 
83 
83 
83 
83 
83 
83 
83 
83 





84 
84 
84 
84 
84 
84 
84 
84 
84 
84 










46 53 77 
46 53 77 
46 53 77 
46 53 77 
46 53 77 
46 53 77 
46 53 77 
53 77 





80 
80 
80 
80 
80 
80 
80 
80 
80 













84 
84 
84 
84 
84 
84 
84 
84 
84 
84 
84 



79 
79 
79 
79 
79 
79 
79 
79 












51 62 
51 62 82 
51 62 82 
51 62 82 
51 62 82 
51 62 82 
51 62 82 
51 62 82 
62 82 




86 
86 
86 
86 
86 
86 
86 
86 
86 













53 63 78 81 86 90 
53 63 78 81 86 90 
53 63 78 81 86 90 
53 63 78 81 86 90 
53 63 78 81 86 90 
53 63 78 81 86 90 
53 63 78 81 86 90 
53 63 78 81 86 90 
81 86 90 

























53 57 63 87 92 
53 57 63 80 87 92 
53 57 63 80 87 92 
53 57 63 80 87 92 
53 57 63 80 87 92 
53 57 63 80 87 92 
53 57 63 80 87 92 
53 57 63 80 87 92 
57 63 80 87 92 
80 87 92 
80 
























77 81 84 86 89 
77 81 84 86 89 
77 81 84 86 89 
77 81 84 86 89 
77 81 84 86 89 
77 81 84 86 89 
77 81 84 86 89 
77 81 84 86 89 
77 81 84 86 
77 81 84 

























46 53 
46 53 
46 53 
46 53 
46 53 
46 53 
46 53 
46 53 
46 53 
46 53 




































62 
62 
62 
62 
62 
62 
62 
62 
62 
62 
62 

























81 84 87 
75 81 84 87 
75 81 84 87 
75 81 84 87 
75 81 84 87 
75 81 84 87 
75 81 84 87 
75 81 84 87 
75 81 84 87 
75 81 84 
75 





















74 
74 
74 81 
74 81 86 
74 81 86 
74 81 86 
74 81 86 
74 81 86 
74 81 82 86 
81 82 86 
81 82 86 
82 86 
82 
82 
82 
82 











51 62 
51 58 62 
51 58 62 
51 58 62 
51 58 62 
51 58 62 
51 58 62 
51 58 62 
58 






































70 82 
70 82 
70 82 
70 82 
70 82 
70 82 
70 82 
70 82 
70 82 
70 82 
70 















72 84 
72 84 
72 84 
72 84 
72 84 
72 84 
72 84 
72 84 
62 72 84 
62 72 84 
62 
62 
62 
62 
62 
62 
62 





86 
74 86 
74 86 
74 86 
74 86 
74 86 
74 86 
74 86 
74 86 
74 86 
74 













79 84 91 
79 84 91 
79 84 91 
79 84 91 
79 84 91 
79 84 91 
79 84 91 
79 84 91 
79 84 91 
79 84 91 
79 91 











50 60 
50 60 
50 60 
50 60 
50 60 
50 60 
50 60 
50 60 
50 60 
50 












77 84 89 
77 84 89 
77 84 89 
77 84 89 
77 84 89 
77 84 89 
77 84 89 
77 84 89 
77 84 89 
77 84 
84 









60 62 65 68 
60 62 65 68 
60 62 65 68 
60 62 65 68 
60 62 65 68 
60 62 65 68 
60 62 65 68 
60 62 65 68 














75 87 
75 87 
75 87 
75 87 
75 87 
75 87 
75 87 
75 87 
75 87 
87 








50 60 
50 60 
50 60 
50 60 
50 60 
50 60 
50 60 
50 60 
50 60 














74 79 86 
74 79 86 
74 79 86 
74 79 86 
74 79 86 
74 79 86 
74 79 86 
74 79 86 
74 79 86 
74 79 86 
74 86 
















43 50 
43 50 
43 50 
43 50 
43 50 
43 50 
43 50 
43 50 
43 50 
43 50 


































55 59 65 
55 59 65 
55 59 65 
55 59 65 
55 59 65 
55 59 65 
55 59 65 
55 59 65 
55 



























62 
62 
62 
62 
62 
62 
62 
62 
62 
62 
62 















94 
94 
94 
94 
94 
94 
94 
94 

86 91 98 
86 91 98 
86 91 98 
86 91 98 
86 91 98 
86 91 98 
86 91 98 
86 91 98 
86 91 98 
86 91 98 
86 91 98 












48 58 
48 58 
48 58 
48 58 
48 58 
48 58 
48 58 
48 58 
48 58 
48 58 
48 




































62 67 
58 62 63 67 82 87 91 94 
58 62 63 67 82 87 91 94 
58 62 63 67 82 87 91 94 
58 62 63 67 82 87 91 94 
58 62 63 67 82 87 91 94 
58 62 63 67 82 87 91 94 
58 62 63 67 82 87 91 94 
63 82 87 91 94 
82 87 91 94 
82 
























58 62 63 67 79 86 
58 62 63 67 79 84 86 91 
58 62 63 67 79 84 86 91 
58 62 63 67 79 84 86 91 
58 62 63 67 79 84 86 91 
58 62 63 67 79 84 86 91 
62 63 67 79 84 86 91 
62 63 67 79 84 86 91 
79 84 91 
84 

























53 63 81 89 
53 57 63 81 87 89 93 
53 57 63 81 87 89 93 94 
53 57 63 81 87 89 93 94 
53 57 63 81 87 89 93 94 
53 57 63 81 87 89 93 94 
53 57 63 81 82 87 89 94 
53 57 63 81 82 87 89 94 
57 81 82 94 
81 82 
82 
82 
82 




















63 
53 57 63 87 92 
53 57 63 80 87 92 
53 57 63 80 87 92 
53 57 63 80 87 92 
53 57 63 80 87 92 
53 57 63 80 87 92 
53 57 63 80 87 92 
53 57 80 87 92 
57 80 87 92 
80 


























53 57 63 89 
53 57 63 77 89 
53 57 63 77 89 
53 57 63 77 89 
53 57 63 77 89 
53 57 63 77 89 
53 57 63 77 89 
53 57 63 77 89 
57 77 
77 















53 57 63 76 88 
53 57 63 76 88 
53 57 63 76 88 
53 57 63 76 88 
53 57 63 76 88 
53 57 63 76 88 
53 57 63 76 88 
53 57 63 76 88 
57 63 76 88 
57 75 76 87 88 
75 87 
75 87 
75 87 
75 87 
75 87 
75 87 















73 85 
73 85 
73 85 
73 85 
73 85 
73 85 
73 85 
73 85 
73 85 
73 85 























53 
52 53 
52 53 
52 53 
52 53 
52 53 
52 53 
52 53 
52 53 
52 53 
52 
52 
























41 82 
41 82 
41 82 
41 82 
41 82 
41 82 
41 82 
41 82 



85 
85 
85 
85 
85 
85 
85 
85 
85 
















82 
82 
82 
82 
82 
82 
82 
82 
82 
82 
80 
80 
80 
80 
80 
80 
80 
80 















77 80 
77 80 
77 80 
77 80 
77 80 
77 80 
77 80 
77 80 
77 80 
77 



73 
73 
73 
73 
73 


















70 
70 
70 
70 
70 
70 
70 
70 
70 
70 
68 70 
68 
68 
68 
68 
68 
68 

















65 
65 
65 
65 
65 
65 
65 
65 
65 


63 
63 
63 
63 
63 
63 

















65 
65 
65 
65 
65 
65 
65 
65 
65 
65 
61 
61 
61 
61 
61 
61 



















62 
62 
62 
62 
62 
62 
62 
62 
62 


58 
58 
58 
58 
58 
58 
58 
58 














46 
46 
46 
46 
46 
46 
46 
46 
46 
46 





























50 
50 
50 
50 
50 
50 
50 
50 
50 

43 77 
43 77 
43 77 
43 77 
43 77 
43 77 
43 77 
43 77 
77 

























75 
75 
75 
75 
75 
75 
75 
75 
75 
















48 
48 
48 
48 
48 
48 63 
48 63 
48 58 63 
58 63 67 
58 63 67 
58 63 67 
58 67 70 
58 67 70 
58 67 70 
58 67 70 74 
67 70 74 
70 74 
70 74 
70 74 
74 
74 
74 
74 
74 























70 
70 
70 
70 
70 
70 
70 
70 
70 















53 
53 
53 
53 
53 
53 


63 66 
63 66 69 72 
63 66 69 72 
63 66 69 72 
63 66 69 72 
63 66 69 72 
63 66 69 72 
69 72 
69 72 
















74 
74 
74 
74 
74 
74 
74 
74 
74 
74 






















65 
65 
65 
65 
65 
65 
65 
65 


























46 53 60 62 
46 53 60 62 
46 53 60 62 
46 53 60 62 
46 53 60 62 
46 53 60 62 
46 53 60 62 
60 62 




































50 
43 50 59 64 70 
43 50 59 64 70 
43 50 59 64 65 70 
43 50 59 64 65 70 
43 50 59 64 65 70 
43 50 59 64 65 70 
43 59 64 65 70 
64 65 70 
65 


























50 65 68 
43 50 59 65 68 
43 50 59 65 68 
43 50 59 65 68 
43 50 59 65 68 
43 50 59 
43 
43 



























55 
48 55 58 67 
48 55 58 67 
48 55 58 67 
48 55 58 67 
48 67 
48 67 
67 
















58 
58 
58 
58 
58 






63 
63 
63 
63 
63 
63 
63 














57 
47 57 61 64 
47 57 61 64 68 
47 57 61 64 68 
47 57 61 64 68 
47 57 61 64 68 
57 64 68 
64 
64 

65 
65 
65 
65 
65 































66 
66 
66 
66 


















46 53 
46 53 65 
46 53 65 
46 53 65 
46 53 65 
65 
65 
65 
































































65 
65 
65 
65 
65 
65 
65 





70 
70 
70 
70 
70 
70 
70 
70 





















51 
51 
51 
51 
51 
51 
51 


















72 
72 
72 
72 
72 
72 
72 
72 
72 
72 







74 
74 
74 
74 
74 
74 














60 
50 60 
50 60 
50 60 
50 60 
50 60 
50 60 
50 

























75 
75 
75 
75 
75 
75 
75 






77 
77 
77 
77 


















59 
55 59 
55 59 
55 59 
55 
55 
55 



























79 
79 
79 
79 
79 
79 
79 






72 
72 
72 
72 
72 

















48 
48 
48 
48 
48 
48 
48 
48 






































83 
63 83 
63 83 
63 83 
63 83 
63 83 
83 
83 
















79 
79 
79 
79 
79 
79 
79 
79 

75 
75 
75 
75 
75 
75 






















71 
71 
71 
71 



53 
53 
53 82 
53 82 
53 82 
82 
82 
82 
82 
82 















79 
79 
79 
79 
79 
79 



80 
80 
80 
80 
80 
80 



















81 
81 
81 
81 
81 
81 
81 
81 
81 
























57 
57 
57 
57 
57 
57 
57 
57 
57 




























86 
86 
86 
86 
86 
86 
86 
86 
86 
87 
87 
87 
87 
87 
87 
87 

















87 
87 
87 
87 
87 
87 
87 
87 




























48 
48 
48 
48 
48 
48 




62 
62 63 67 70 74 
62 63 67 70 74 
62 63 67 70 74 
62 63 67 70 74 
62 63 67 70 74 
62 67 70 74 

















48 62 63 67 74 
48 62 63 67 70 74 
48 62 63 67 70 74 
48 62 63 67 70 74 
48 62 63 67 70 74 
48 62 63 67 70 74 
62 63 67 70 74 
63 67 70 74 
63 70 
70 

























57 
57 
57 
57 
57 
57 
57 
57 




53 
53 
53 
53 
53 

















74 
63 74 86 
63 74 86 
63 74 86 
63 74 86 
63 74 86 
63 74 86 
63 74 86 
74 86 
74 86 
86 


























53 
53 
53 
53 
53 
53 

86 
63 74 79 86 
63 74 79 86 
63 74 79 86 
63 74 79 86 
63 74 79 86 
63 74 79 86 
74 79 86 
74 79 86 


























57 72 79 84 
57 72 79 84 
57 72 79 84 
57 72 79 84 
57 72 79 84 
57 72 79 84 
57 72 79 84 
72 79 84 



















48 
48 
48 
48 
48 
48 70 
48 70 
63 70 75 
63 70 75 
63 70 75 79 
63 75 79 
63 75 79 82 
63 75 79 82 
63 79 82 
79 82 
79 82 
79 82 
79 82 
82 
82 
























58 
58 
58 
58 
58 
58 
58 


























64 
49 59 64 75 
49 59 64 75 
49 59 64 75 
49 59 64 75 
49 59 64 75 
59 64 75 
64 75 
64 75 
















71 
71 
71 
71 
71 
71 





68 
68 
68 
68 
68 
68 
















58 68 78 
42 58 68 78 
42 58 68 78 
42 58 68 78 
42 58 68 78 
42 58 68 78 
42 68 78 
68 78 
68 78 

























60 65 72 
50 60 65 72 
50 60 65 72 
50 60 65 72 
50 60 65 72 
50 60 65 72 
50 60 65 72 
50 60 65 72 
50 72 

























59 65 68 
49 59 65 68 
49 59 65 68 
49 59 65 68 
49 59 65 68 
49 59 65 68 
59 65 68 
65 68 


























50 65 70 77 
43 50 65 70 77 
43 50 65 70 77 
43 50 65 70 77 
43 50 65 70 77 
43 50 65 70 77 
43 50 65 70 77 
43 50 65 70 77 
43 50 65 70 77 


























48 58 63 67 70 
48 58 63 67 70 
48 58 63 67 70 
48 58 63 67 70 
48 58 63 67 70 
48 58 63 67 70 
48 58 63 67 70 
48 58 63 67 70 
48 67 






































62 68 
50 62 68 
50 62 68 
50 62 68 
50 62 68 
50 62 68 
50 
50 
50 

























51 
51 63 67 70 
51 63 67 70 
51 63 67 70 
51 63 67 70 
51 63 67 70 
63 67 70 
63 67 
67 


























52 67 69 
52 63 66 69 
52 63 66 69 
52 63 66 69 
52 63 66 69 
52 66 69 
52 69 




















50 
50 
50 
50 
50 
50 

67 
53 63 67 70 
53 63 67 70 
53 63 67 70 
53 63 67 70 
53 63 67 70 
53 63 67 70 
53 63 67 70 
53 
















41 
41 
41 
41 
41 
41 
41 
41 
41 
41 

































78 
78 79 82 
78 79 82 
76 78 79 82 
76 78 79 82 
76 78 79 82 
76 78 79 82 
76 78 79 82 
76 78 79 82 
79 
79 













82 
75 82 
75 82 
75 82 
75 82 
75 82 
75 82 
75 82 
75 82 
75 



70 
70 
70 
70 
70 
70 
70 














73 74 
73 74 
73 74 
73 74 77 
73 74 77 
73 74 77 
73 74 77 
74 77 
74 77 
77 
77 























60 65 69 
50 60 65 69 
50 60 65 69 
50 60 65 69 
50 60 65 69 
50 60 65 69 
50 60 65 69 
50 60 69 
50 60 
50 



































55 59 65 68 71 
55 59 65 68 71 
55 59 65 68 71 
55 59 65 68 71 
55 59 65 68 71 
55 65 68 71 
55 65 68 71 
55 65 





























































48 63 
48 63 81 
48 63 81 
48 63 81 
48 63 81 
48 63 81 
48 81 
48 81 
81 
81 82 
81 82 
81 82 
82 
82 
82 
82 




79 
79 
79 
79 
79 
79 
79 
79 

75 
75 
75 
75 
75 
75 
75 

74 
74 
74 
74 
74 
74 
74 
74 
74 

71 
71 
71 
71 
71 
71 
71 72 
72 
72 
72 
72 
72 
72 
72 


74 
74 
74 
74 
74 
74 
53 74 
53 74 75 
53 74 75 
53 75 
53 75 
53 75 
53 75 
75 
75 
























57 
57 80 
57 80 
57 80 
57 80 
57 80 
57 80 
57 80 
57 80 
80 
80 
78 
78 
78 
78 
78 
78 
78 
78 
78 

73 
73 
73 
73 


75 
75 
75 
75 
75 
75 


76 
76 
76 
76 
76 77 
76 77 
76 77 
76 77 
76 77 
77 
77 
77 
77 









62 
46 62 
46 62 
46 62 
46 62 
46 62 
46 62 
46 62 
46 62 









































55 
55 
55 
55 
55 
55 
55 
55 

























59 
59 75 
59 75 
59 75 
59 75 
59 75 
59 75 
75 
75 
75 
75 


















48 
48 
48 
48 
48 
48 63 
58 63 
58 63 67 
58 63 67 
58 67 74 
58 67 74 
67 74 
67 74 
67 74 
74 
74 
74 

















































70 
70 
70 
70 
70 
70 
70 




72 
72 
72 
72 
72 
72 
72 
72 














57 
53 57 63 
53 57 63 
53 57 63 
53 57 63 








74 
74 
74 
74 
74 
74 
74 



























65 
46 53 65 
46 53 65 
46 53 65 
46 53 65 
53 65 


















67 
67 
67 
67 
67 
67 


65 
65 
65 
65 
65 
65 



















43 50 65 
43 50 65 
43 50 65 
43 50 65 
43 50 65 
43 50 65 
43 65 









































































57 65 
47 57 65 
47 57 65 
47 57 65 
47 57 65 
57 65 
57 65 
65 








66 
66 
66 
66 



67 
67 
67 
67 
67 
67 


68 
68 
68 
68 
68 
68 





















65 
65 
65 
65 
65 
65 
65 





























54 
54 
54 
54 
54 
54 



























65 
65 
65 
65 
65 
65 
65 




























53 70 
46 53 70 
46 53 70 
46 53 70 
46 70 
46 70 
46 70 
70 




























51 
51 
51 
51 
51 




61 65 72 
61 65 72 
61 65 72 
61 65 72 
65 72 
72 




























51 61 
51 61 74 
51 61 74 
61 74 
74 
74 





























60 75 
50 60 65 69 72 75 
50 60 65 69 72 75 
50 60 65 69 72 75 
50 65 69 72 75 
50 65 69 
50 69 




























50 60 65 69 72 77 
50 60 65 69 72 77 
50 60 65 69 72 77 
50 60 65 69 72 77 
50 60 65 69 72 77 
50 65 69 72 77 
69 72 




















55 
55 
55 
55 
55 
55 
55 
59 
59 71 75 
59 71 75 79 
59 71 75 79 
59 71 75 79 
59 71 75 79 
71 79 
79 
79 

















55 59 71 75 80 
55 59 71 75 80 
55 59 71 75 80 
55 59 71 75 80 
55 59 71 75 80 
55 59 71 75 80 
55 59 71 75 80 
55 71 75 80 
55 80 






















70 75 79 82 
48 58 70 75 79 82 
48 58 70 75 79 82 
48 58 70 75 79 82 
48 58 70 75 79 82 
48 58 70 75 79 82 
48 58 70 75 79 82 
48 58 70 75 79 82 
48 58 70 75 79 82 
70 


























































74 79 82 86 
62 63 67 74 79 82 86 
58 62 63 67 74 79 82 86 
58 62 63 67 74 79 82 86 
58 62 63 67 74 79 82 86 
58 62 63 67 74 79 82 86 
58 62 63 67 74 79 82 86 
63 67 74 79 82 86 
74 79 86 






























































57 63 68 77 80 85 89 
57 63 68 77 80 85 89 
57 63 68 77 80 85 89 
57 63 68 77 80 85 89 
57 63 68 77 80 85 89 
57 63 68 77 80 85 89 
57 63 68 77 80 85 89 
57 77 80 85 89 
77 80 89 

























75 
57 63 68 75 78 83 87 
57 63 68 75 78 83 87 
57 63 68 75 78 83 87 
57 63 68 75 78 83 87 
57 63 68 75 78 83 87 
57 63 68 75 78 83 87 
57 63 68 75 78 83 87 
57 75 78 83 87 
75 78 87 


























57 
57 
57 
57 
57 
57 


77 
63 68 73 77 80 85 
63 68 73 77 80 85 
63 68 73 77 80 85 
63 68 73 77 80 85 
63 68 73 77 80 85 
63 73 80 85 
85 


























57 63 68 
57 63 68 71 83 
57 63 68 71 83 
57 63 68 71 83 
57 63 68 71 83 
57 63 68 71 83 
71 83 
71 


























74 77 
70 74 77 82 
70 74 77 82 
70 74 77 82 
70 74 77 82 
70 74 82 
70 82 




















48 
48 
48 
48 
48 
48 
48 
48 































58 
58 
58 
58 
58 
58 


63 87 99 
63 87 91 99 
63 87 91 99 
63 87 91 99 
63 87 91 99 
63 87 91 99 
63 87 91 99 
63 87 91 99 
63 87 91 99 
63 91 
91 
























86 91 
86 91 98 
86 91 98 
86 91 98 
86 91 98 
86 91 98 
86 91 98 
86 91 98 
91 98 
91 98 
98 





















84 
84 
84 91 
84 91 96 
84 91 96 
84 91 96 
84 91 96 
91 96 
91 96 
91 96 
91 96 
96 
96 











64 
54 58 64 
54 58 64 
54 58 64 
54 58 64 
54 58 64 
54 58 64 
58 





































81 93 
81 93 
81 93 
81 93 
81 93 
81 93 
81 93 
81 93 
81 93 
81 93 
93 












94 
82 94 
82 94 
82 94 
82 94 
82 94 
82 94 
82 94 
82 94 
82 94 












84 
84 
84 96 
84 96 
84 96 
84 96 
84 96 
84 96 
84 96 
96 
96 












77 
77 
77 89 
77 89 
77 89 
77 89 
89 
















48 
48 
48 
48 
48 
48 
48 
48 

















58 
58 
58 
58 
58 
58 
58 
58 













62 
62 
62 
62 
62 
62 
62 
62 
62 
62 












65 
65 
65 
65 
65 
65 
65 
65 







55 
55 
55 
55 
55 
55 
55 
55 
55 


70 
70 
70 
70 
70 
70 
70 
70 
70 













77 
77 
77 
77 
77 
77 
77 
77 
77 














63 70 74 
53 57 63 70 74 
53 57 63 70 74 
53 57 63 70 74 
53 57 63 70 74 
53 57 63 70 74 
53 57 74 
53 57 















63 70 
57 63 70 74 
53 57 63 70 74 
53 57 63 70 74 
53 57 63 70 74 
53 57 70 74 
57 74 
57 















53 57 63 70 74 
53 57 63 70 74 
53 57 63 70 74 
53 57 63 70 74 
53 57 63 70 74 
53 57 63 70 74 
57 63 70 74 



























62 66 69 
62 66 69 
62 66 69 
62 66 69 
62 66 69 
62 66 69 
62 66 69 
69 


























67 70 
67 70 
63 67 70 
63 67 70 
63 67 70 
63 67 70 
63 67 70 
63 
















48 
48 55 
48 55 
48 55 
48 55 
48 55 
48 55 
48 55 
48 55 
48 55 



























70 
70 
70 
70 
70 
70 
70 
70 
70 

72 
72 
72 
72 
72 
72 
72 
72 
72 
72 
72 












62 63 67 
62 63 67 74 
62 63 67 74 
62 63 67 74 
62 63 67 74 
62 63 67 74 
62 63 67 74 
74 
74 
74 
75 
75 
75 
75 
75 
75 
75 
75 
75 














77 
77 
77 
77 
77 
77 
77 
77 






74 
74 
74 
74 
74 
74 
74 
74 















70 77 
70 77 
70 77 
70 77 
70 77 
70 77 
70 77 
70 77 
70 77 
70 
65 
65 
65 
65 
65 
65 


























63 
63 
63 70 
63 70 
63 70 
63 70 
70 
70 

















65 70 
65 70 
65 70 
65 70 
65 70 
65 70 
65 70 
65 70 
65 70 

61 
61 
61 
61 
61 




















62 70 
62 70 
62 70 
62 70 
62 70 
62 70 
62 70 
62 

58 
58 
58 
58 
58 
58 
58 
















53 
52 53 
52 53 
52 53 
52 53 
52 53 
52 53 
52 53 
52 53 
52 53 
52 
52 





















62 
41 62 
41 62 
41 62 
41 62 
41 62 
41 62 
41 62 
62 
62 





65 
65 
65 
65 





69 
69 
69 
69 
69 
69 
69 




72 
72 
72 
72 
72 
72 
72 
72 
72 
72 
72 



70 
70 
70 
70 
70 
70 
70 
70 














67 69 
67 69 
67 69 
67 69 
67 69 
67 69 
67 69 
67 69 
67 69 
69 


























50 60 66 
50 60 66 
50 60 66 
50 60 66 
50 60 66 
50 60 66 
50 60 66 
50 60 66 
50 



69 
69 
69 
69 
69 
69 
69 


















72 
72 
72 
72 
72 
72 
72 
72 

75 
75 
75 
75 
75 
75 
75 
75 
75 
75 















57 
57 
57 
57 
57 
57 
57 
57 

74 
74 
74 
74 
74 
74 
74 
74 
74 
74 














43 
43 
43 
43 
43 
43 
43 
43 


65 
58 65 
58 65 
58 65 
58 65 
58 65 
58 65 
58 65 
65 



















































































67 70 
62 67 70 82 89 94 
62 67 70 82 89 94 
62 67 70 82 89 94 
62 67 70 82 89 94 
62 67 70 82 89 94 
62 67 70 82 89 94 
62 67 70 82 89 94 
62 67 70 82 89 94 
62 67 82 89 94 
62 82 89 94 
82 94 



































72 96 
64 69 72 84 88 91 96 
64 69 72 84 88 91 96 
64 69 72 84 88 91 96 
64 69 72 84 88 91 96 
64 69 72 84 88 91 96 
64 69 72 84 88 91 96 
64 69 72 84 88 91 96 
64 69 72 84 88 91 96 
69 84 88 91 96 
84 88 91 96 
84 

























































58 62 69 79 84 86 91 
58 62 64 69 79 84 86 91 
58 62 64 69 79 84 86 91 
58 62 64 69 79 84 86 91 
58 62 64 69 79 84 86 91 
58 62 64 69 79 84 86 91 
58 62 64 69 79 84 86 91 
62 64 79 84 86 91 
64 79 84 86 91 
79 86 91 
















































57 67 81 86 88 93 
57 62 64 67 81 86 88 93 
57 62 64 67 81 86 88 93 
57 62 64 67 81 86 88 93 
57 62 64 67 81 86 88 93 
57 62 64 67 81 86 88 93 
57 62 64 67 81 86 88 93 
57 62 64 67 81 86 88 93 
57 62 64 67 81 86 88 93 
81 88 93 
81 93 

























































57 64 72 76 79 84 
53 57 64 72 76 79 84 
53 57 64 72 76 79 84 
53 57 64 72 76 79 84 
53 57 64 72 76 79 84 
53 57 64 72 76 79 84 
53 57 64 72 76 79 84 
57 64 72 76 79 84 
72 76 79 84 
72 76 79 84 
























































74 81 86 
57 62 67 74 79 81 86 
57 62 64 67 74 79 81 86 
57 62 64 67 74 79 81 86 
57 62 64 67 74 79 81 86 
57 62 64 67 74 79 81 86 
57 62 64 67 74 79 81 86 
57 62 64 67 74 79 81 86 
57 64 67 74 79 81 86 
64 74 79 81 86 
79 



























































43 58 
43 58 
43 58 
43 58 
43 58 
43 58 
43 58 
43 


























57 
42 57 
42 57 
42 57 
42 57 
42 57 
42 57 
42 57 
42 57 

























41 56 
41 56 
41 56 
41 56 
41 56 
41 56 
41 56 
41 56 
41 56 





































87 
87 
87 
87 
87 
87 
87 
87 
87 
87 
87 














63 
63 
63 
63 
63 
63 
63 
67 
67 80 
67 68 72 80 84 87 
67 68 72 80 84 87 
67 68 72 80 84 87 92 
67 68 72 80 84 87 92 
67 68 72 80 84 87 92 
67 68 72 84 87 92 
68 72 84 87 92 
68 72 84 87 92 
72 84 92 
92 
92 
92 



























































86 91 
63 69 73 75 79 83 86 91 
63 69 73 75 79 83 86 91 
63 69 73 75 79 83 86 91 
63 69 73 75 79 83 86 91 
63 69 73 75 79 83 86 91 
63 69 73 75 79 83 86 91 
63 69 79 83 86 91 
63 69 79 83 86 91 
69 79 91 
79 














































72 
62 67 72 77 80 84 89 
62 67 72 77 80 84 89 
62 67 72 77 80 84 89 
62 67 72 77 80 84 89 
62 67 72 77 80 84 89 
62 67 72 77 80 84 89 
62 67 72 77 80 84 89 
77 80 84 89 
77 80 84 89 
80 84 



























74 86 
74 86 
74 86 
74 86 
74 86 
74 86 
74 86 
74 86 
74 86 
74 86 

75 87 
75 87 
75 87 
75 87 
75 87 
75 87 
75 87 
75 87 















89 
77 89 
77 89 
77 89 
77 89 
77 89 
77 89 
77 89 




79 91 
79 91 
79 91 
79 91 
79 91 
79 91 
79 91 
79 91 
79 91 
79 91 












51 62 
51 62 
51 62 
51 62 
51 62 
51 62 
51 62 
51 62 
62 





































58 
58 
58 
58 
58 
58 
58 
58 
58 















69 
69 
69 
69 
69 
69 
69 
69 
69 
74 
74 
74 
74 
74 
74 
74 
74 

















63 69 74 78 
63 69 74 78 
63 69 74 78 
63 69 74 78 
63 69 74 78 
63 69 74 78 
63 69 74 78 
63 69 74 78 
69 74 

























66 71 75 
60 66 71 75 
60 66 71 75 
60 66 71 75 
60 66 71 75 
60 66 71 75 
60 66 71 75 
60 71 
60 

























63 69 72 
57 63 69 72 
57 63 69 72 
57 63 69 72 
57 63 69 72 
57 63 69 72 
57 63 69 72 
57 69 72 
57 

























60 65 
54 60 65 69 
54 60 65 69 
54 60 65 69 
54 60 65 69 
54 60 65 69 
54 60 65 69 
54 60 69 
69 



























53 
53 
53 
53 
53 
53 
53 
53 
53 



46 
46 
46 
46 
46 
46 
46 



























77 89 
77 89 
77 89 
77 89 
77 89 
77 89 
77 89 
77 
77 
















53 
53 
53 
53 
53 
53 
53 


62 
62 77 89 
62 77 89 
62 77 89 
62 77 89 
62 77 89 
62 77 89 
62 77 89 
77 89 


























75 
75 87 
75 87 
75 87 
75 87 
75 87 
75 87 
87 
















51 
51 
51 
51 
51 


74 
74 
58 74 
58 62 74 
58 62 74 79 
58 62 74 79 82 
58 62 79 82 86 
62 79 82 86 
62 79 82 86 
62 79 82 86 
82 86 
82 86 
82 86 
86 
86 
























































67 
62 63 67 70 74 77 82 
62 63 67 70 74 77 82 
62 63 67 70 74 77 82 
62 63 67 70 74 77 82 
62 63 67 70 74 77 82 
62 63 67 70 74 77 82 
62 63 70 74 77 82 
70 74 77 82 
70 74 77 82 
70 74 77 82 
70 74 














72 84 
72 84 
72 84 
72 84 
72 84 
72 84 
72 84 
72 84 
72 84 
72 84 













74 86 
74 86 
74 86 
74 86 
74 86 
74 86 
74 86 
74 86 
74 86 
74 86 
86 











60 
50 60 
50 60 
50 60 
50 60 
50 60 
50 60 
50 60 
50 60 
50 60 
50 












84 89 
77 80 84 89 
77 80 84 89 
77 80 84 89 
77 80 84 89 
77 80 84 89 
77 80 84 89 
77 80 84 89 
77 80 84 89 
77 80 84 















60 62 65 68 
60 62 65 68 
60 62 65 68 
60 62 65 68 
60 62 65 68 
60 62 65 68 
60 62 65 68 
62 













77 80 84 89 
77 80 84 89 
77 80 84 89 
77 80 84 89 
77 80 84 89 
77 80 84 89 
77 80 84 89 
77 80 84 89 
77 80 84 89 
80 84 













60 
50 60 
50 60 
50 60 
50 60 
50 60 
50 60 
50 60 
50 60 
50 














79 91 
79 91 
79 91 
79 91 
79 91 
79 91 
79 91 
79 91 
79 91 
79 91 
91 









57 
57 
57 
57 
57 
57 
57 
57 
57 
57 













75 87 
75 87 
75 87 
75 87 
75 87 
75 87 
75 87 
75 87 
75 
75 













43 
43 
43 
43 
43 
43 
43 
43 
43 















74 77 81 86 
59 74 77 81 86 
59 74 77 81 86 
59 74 77 81 86 
59 74 77 81 86 
59 74 77 81 86 
59 74 77 81 86 
74 77 81 86 
74 77 81 86 
74 86 

























55 
55 
55 
55 
55 
55 
55 
55 
55 
55 















48 
48 
48 
48 
48 
48 
48 
48 
48 
48 
























72 79 84 
58 72 79 84 
58 72 79 84 
58 72 79 84 
58 72 79 84 
58 72 79 84 
58 72 79 84 
58 72 79 84 
58 72 79 84 
58 72 79 84 
72 79 84 





























62 
62 
62 
62 
62 63 67 74 79 86 
63 67 74 79 81 86 
63 67 74 79 81 86 
63 67 74 79 81 86 
63 67 74 79 81 86 
63 67 74 79 81 86 
67 74 79 81 86 
74 79 81 86 

























87 
62 63 67 75 87 
62 63 67 75 87 
62 63 67 75 87 
62 63 67 75 87 
62 63 67 75 87 
62 63 67 75 87 
63 75 





























77 
77 
77 
77 
77 89 
77 
77 
77 
77 















































53 63 
53 63 
53 63 
53 63 
53 63 
53 63 
53 63 
53 63 
53 



































57 
57 
57 
57 
57 
57 
57 
57 
57 


























49 
49 
49 
49 
49 
49 
49 
49 
49 















73 79 85 
59 64 68 73 79 85 
59 64 68 73 79 85 
59 64 68 73 79 80 85 
59 64 68 73 79 80 85 
59 64 68 73 79 80 85 
59 64 68 73 79 80 85 
59 64 68 73 79 80 85 
59 64 68 73 79 80 85 
64 73 79 85 
64 79 




























59 
59 
59 
59 
59 
59 


75 82 87 
64 68 75 82 87 
64 68 75 82 87 
64 68 75 82 87 
64 68 75 82 87 
64 75 82 87 
64 82 
64 

























59 
59 64 68 76 88 
59 64 68 76 88 
59 64 68 76 88 
59 64 68 76 88 
64 68 76 88 
64 76 88 
64 76 88 
76 88 


























78 84 90 
58 64 68 78 84 90 
58 64 68 78 84 90 
58 64 68 78 84 90 
58 64 68 78 84 85 90 
58 64 68 78 84 85 90 
64 78 84 85 90 
64 84 85 
85 


























58 64 68 87 92 
58 64 68 80 87 92 
58 64 68 80 87 92 
58 64 68 80 87 92 
58 64 68 80 87 92 
58 64 68 80 87 92 
58 64 80 87 92 
64 80 87 92 
80 
















58 64 68 78 85 90 
58 64 68 78 85 90 
58 64 68 78 85 90 
58 64 68 78 85 90 
58 64 68 78 85 90 
58 64 68 78 85 90 
58 64 68 78 85 90 
58 64 78 85 90 
64 
























61 
61 
61 
61 
61 
61 
61 
61 
61 



























69 74 76 81 
69 74 76 81 
69 74 76 81 
69 74 76 81 
69 74 76 81 
69 74 76 81 
69 74 76 81 
69 74 76 81 
69 74 76 81 
69 76 81 
69 

























53 57 63 
53 57 63 
53 57 63 
53 57 63 
53 57 63 
53 57 63 
53 57 63 
53 57 
57 

70 
70 82 
70 82 
70 82 
70 82 
70 82 
70 82 
70 82 
70 82 


























84 
72 84 
72 84 
72 84 
72 84 
72 84 
72 84 
72 84 


























74 86 
74 86 
74 86 
74 86 
74 86 
74 86 
74 86 
74 86 
86 














52 
52 
52 53 
52 53 
52 53 
52 53 
52 53 
52 



75 86 
75 86 
75 86 87 
75 86 87 
75 86 87 
75 86 87 
75 86 87 
75 86 87 
87 



























74 86 
74 86 
74 86 
74 86 
74 86 
74 86 
74 86 
74 86 
74 86 
86 






















70 
70 
70 
70 
70 
70 
70 
70 

















41 
41 
41 
41 
41 
41 
41 



81 
81 
81 
81 
81 
81 
81 
81 
81 
81 













74 
74 82 
74 82 
74 82 
74 82 
74 82 
74 82 
74 82 
74 82 

























51 81 
51 81 
51 81 
51 81 
51 81 
51 81 82 
51 81 82 
51 81 82 
51 81 82 
51 81 82 
81 82 
82 
































79 
79 
79 
79 
79 
79 
79 
79 
79 















75 
75 
75 
75 
75 
75 
75 



70 
70 
70 
70 
70 
70 
70 




















50 
50 
50 
50 
50 
50 
50 
60 73 
60 73 
60 73 74 
60 73 74 
60 73 74 
60 73 74 
60 74 
74 
74 


















77 
77 
77 
77 
77 
77 



79 
79 
79 
79 
79 
79 
79 
79 
79 
79 














77 
77 
77 
77 
77 
77 
77 
77 
77 
77 

























57 
57 
57 
57 
57 
57 
57 
57 
57 
57 

































49 59 
49 59 
49 59 
49 59 
49 59 
49 59 
49 59 
49 59 










83 
83 
83 
83 
83 
83 
83 85 
83 85 
83 85 
85 
85 
83 85 
83 85 
83 
83 
83 
83 
83 
80 
80 
80 
80 
80 
80 
80 
80 
80 81 
81 
81 
81 
81 
81 
81 
80 81 
80 
80 
80 
80 
80 
79 80 
79 80 
79 
79 
79 
78 79 
78 79 
78 79 
78 79 
77 78 
77 78 
77 78 
77 78 
77 78 






76 
76 
76 
76 
76 
75 76 
75 76 
75 76 
75 
75 
75 
75 


74 
74 
74 
74 
74 
74 
74 
73 74 
73 
73 
73 
73 
73 
73 
73 
72 
72 
72 
72 
72 
72 
72 
72 
71 72 
71 
71 
71 
70 71 
70 
70 
70 







69 
69 
69 
69 
69 
68 69 
68 69 
68 69 
68 69 
68 
48 68 
48 58 68 
48 58 68 
48 58 67 
48 58 67 
48 58 67 
48 58 67 
48 58 67 
48 67 
67 
67 
67 
67 
67 




















55 70 
55 70 
55 70 
55 70 
55 70 
55 70 
55 70 
55 70 
55 70 
55 

















47 
47 
47 
47 
47 
47 
47 
47 57 63 73 
57 63 68 73 
57 63 68 73 
57 63 68 73 
57 63 68 73 
57 63 68 73 
57 63 68 73 
57 63 68 73 
57 63 68 73 
68 
















47 
47 
47 
47 
47 
47 
47 

57 
57 63 68 73 
57 63 68 73 
57 63 68 73 
57 63 68 73 
57 63 68 73 
57 63 68 73 
57 63 68 73 
57 63 68 73 
63 68 















46 53 62 67 
46 53 62 67 72 
46 53 62 67 72 
46 53 62 67 72 
46 53 62 67 72 
46 53 62 67 72 
46 53 62 67 72 
46 53 62 67 72 
46 53 62 67 72 
62 67 72 
62 67 72 
72 




























47 
47 
47 
47 
47 
47 
47 
57 75 80 85 
57 75 80 85 
57 75 80 85 
57 75 80 85 
57 75 80 85 
57 75 80 85 
57 75 80 85 
57 75 80 85 
57 80 
















46 53 74 79 84 
46 53 74 79 84 
46 53 74 79 84 
46 53 74 79 84 
46 53 74 79 84 
46 53 74 79 84 
46 53 74 79 84 
46 53 74 79 84 
74 79 84 
74 79 84 
79 84 

























47 
47 
47 
47 
47 
47 
47 

57 
57 87 92 97 
57 87 92 97 
57 87 92 97 
57 87 92 97 
57 87 92 97 
57 87 92 97 
57 87 92 97 
57 87 92 97 
92 97 
















46 53 86 91 96 
46 53 86 91 96 
46 53 86 91 96 
46 53 86 91 96 
46 53 86 91 96 
46 53 86 91 96 
46 53 86 91 96 
46 53 86 91 96 
86 91 96 
86 91 96 
91 96 























































101 
101 
101 105 
101 105 
101 105 
101 105 
105 108 
105 108 
105 108 110 
105 108 110 
105 108 110 
108 110 113 
108 110 113 
108 110 113 
108 110 113 
110 113 
110 113 
113 
113 
113 
113 





































38 
38 
36 38 
36 38 
36 38 
36 38 
36 38 46 
38 41 46 
38 41 46 
41 46 
41 46 
41 46 
41 46 
41 






34 
34 
34 
34 
34 
34 
34 















