




























































































































































52 
52 
52 
52 
52 
52 
52 

























59 62 66 69 
59 62 66 69 
59 62 66 69 
59 62 66 69 
59 66 69 
69 
69 











69 
62 66 69 
62 66 69 
59 62 66 69 
59 62 66 
59 
59 



























59 62 66 69 
59 62 66 69 
59 62 66 69 
59 62 66 69 
59 62 66 69 
59 66 69 
69 











59 66 69 
59 62 66 69 
59 62 66 69 
59 62 66 69 
59 62 66 69 
62 66 69 
69 










































62 69 
59 62 66 69 
59 62 66 69 
59 62 66 69 
59 62 66 69 
59 62 66 69 
59 



























68 73 
61 64 68 73 
61 64 68 73 
61 64 68 73 
61 64 68 73 
61 64 68 73 
73 
73 











45 
45 
45 
45 




























50 
50 
50 
50 
50 
50 
50 









51 67 
51 67 
51 61 67 
51 61 67 
51 61 67 
51 61 67 
61 67 










































50 61 66 
50 61 66 
50 61 66 
50 61 66 
50 61 66 
66 










































57 
57 
57 
57 
57 
57 




























66 
66 
66 
66 
66 
66 












49 59 64 
49 59 64 
49 59 64 
49 59 64 
49 59 64 
59 64 
64 










































59 
59 
59 
59 
59 
59 









69 
69 
69 
69 
69 
69 
69 
69 
69 
69 






69 
69 
69 
69 
69 
69 
69 
69 










48 57 69 
48 57 63 67 69 
48 57 63 67 69 
48 57 63 67 69 
48 57 63 67 69 
57 63 67 69 
63 67 69 














































69 
69 
69 
69 
69 
69 
69 

























57 64 
57 62 64 
57 62 64 
57 62 64 
57 62 64 
62 64 












47 
47 
47 
47 
47 













































57 62 
57 62 
57 62 
57 62 
57 62 
57 











































64 76 
49 59 64 71 76 
49 59 64 71 76 
49 59 64 71 76 
49 59 64 71 76 
49 59 71 76 
49 59 71 














































64 
64 
64 
64 
64 
64 











































78 
47 57 62 66 74 78 
47 57 62 66 74 78 
47 57 62 66 69 74 78 
47 57 62 66 69 74 
47 57 62 69 74 
57 69 74 
69 



























69 
69 
69 
69 
69 
69 
69 
69 









69 
62 69 
62 69 
62 69 
62 69 
69 
69 


























69 
69 
69 
69 
69 
69 
69 











69 
59 62 66 69 
52 59 62 66 69 
52 59 62 66 69 
52 59 62 66 69 
52 59 62 66 69 
52 59 62 66 69 
52 62 










































69 
69 
69 
69 
69 
69 
69 
69 






















76 
76 
67 71 76 
67 71 76 
67 71 76 
67 71 76 
67 71 76 
67 71 76 
71 
71 








52 
52 
52 
52 
52 
52 











































69 
54 61 66 69 
54 61 66 69 
54 61 66 69 
54 61 66 69 
54 61 66 69 
54 61 69 











































67 
55 67 71 
55 67 71 
55 62 67 71 
55 62 67 71 
55 62 71 
55 62 71 
62 










































66 72 
56 60 66 72 
56 60 66 72 
56 60 66 72 
56 60 66 72 
56 60 72 
56 60 72 












































67 73 
67 73 
57 61 67 73 
57 61 67 73 
57 61 67 73 
57 61 67 73 
57 61 73 
61 










































78 
62 67 71 74 78 
62 67 71 74 78 
52 62 67 71 74 78 
52 62 67 71 74 78 
52 62 67 71 74 78 
52 62 71 74 78 
52 71 74 
52 
52 












































78 
61 67 70 73 78 
51 61 67 70 73 78 
51 61 67 70 73 78 
51 61 67 70 73 78 
51 61 67 70 73 78 
51 61 70 73 78 
70 











































78 
78 
78 
61 78 
61 78 
61 78 
61 78 
61 








































50 64 81 
50 64 81 
50 57 64 69 73 81 
50 57 64 69 73 81 
50 57 64 69 73 81 
57 64 69 73 81 
57 69 73 81 
57 73 81 
73 
























78 
78 
78 
78 
78 
78 
78 












57 76 
57 76 
57 76 
57 76 
57 76 
76 
76 






















74 
74 
74 
74 
74 
74 
74 














58 64 70 76 
42 58 64 70 76 
42 58 64 70 76 
42 58 64 70 76 
42 58 64 70 76 
42 70 76 
42 76 
76 











































58 
58 
58 
58 
58 











73 
73 
73 
73 
73 
73 
73 
73 





















62 71 
47 57 62 66 69 71 
47 57 62 66 69 71 
47 57 62 66 69 71 
47 57 66 69 71 
57 66 69 71 
71 



























62 69 
62 69 
59 62 66 69 
59 62 66 69 
59 62 66 69 
59 62 66 69 
59 66 69 
59 













69 
69 
62 66 69 
59 62 66 69 
59 62 66 69 
59 62 66 
























66 69 
59 62 66 69 
59 62 66 69 
59 62 66 69 
59 62 66 69 
59 62 66 69 
59 62 66 69 
59 62 











62 66 69 
59 62 66 69 
59 62 66 69 
59 62 66 69 
59 62 66 69 
59 66 69 

























40 
40 
40 
40 
40 
40 
40 











62 69 
62 69 
59 62 66 69 
59 62 66 69 
59 62 66 69 
59 62 66 69 
59 66 


























64 68 
59 64 68 73 
59 64 68 73 
59 64 68 73 
59 64 68 73 
59 68 73 
73 
73 












45 
45 
45 
45 
45 



























57 
57 
57 
57 
57 
57 
57 
57 









51 61 67 
51 61 67 
51 61 67 
51 61 67 
51 61 67 
51 61 67 
67 









































50 66 
50 61 66 
50 61 66 
50 61 66 
50 61 66 
50 












































57 
57 
57 
57 
57 
57 














































49 
49 
49 
49 
49 
49 
























66 69 
66 69 
61 64 66 69 
61 64 66 69 
61 64 66 69 
61 64 66 69 
61 64 66 69 
61 64 66 69 
61 64 69 
61 64 










57 
57 
57 61 64 66 69 
57 61 64 66 69 
61 64 66 69 
64 66 


























61 64 69 
61 64 66 69 
61 64 66 69 
61 64 66 69 
61 64 66 69 
61 64 66 69 
61 64 69 
64 











48 
48 57 63 69 
48 57 63 67 69 
48 57 63 67 69 
48 57 63 67 69 
48 57 63 67 69 
67 











































57 63 67 69 
57 63 67 69 
57 63 67 69 
57 63 67 69 
57 63 67 69 
57 63 69 

























64 
57 62 64 
57 62 64 
57 62 64 
57 62 64 
57 62 64 
57 64 
57 










47 
47 
47 
47 
47 













































49 
49 
49 
49 
49 












































50 
50 
50 
50 
50 














































51 
51 
51 
51 
51 





























52 56 59 
52 56 59 
52 56 59 
52 59 
52 59 
52 59 
52 








































62 69 
59 62 66 69 
59 62 66 69 
59 62 66 69 
59 62 66 69 
59 62 66 69 
59 62 66 69 
59 62 66 69 











40 
40 62 69 
40 59 62 66 69 
40 59 62 66 69 
40 59 62 66 69 
40 59 62 66 69 
59 




























59 62 66 69 
59 62 66 69 
59 62 66 69 
59 62 66 69 
59 62 69 














62 66 69 
59 62 66 69 
59 62 66 69 
59 62 66 69 
59 62 69 
59 69 








































59 62 66 69 
59 62 66 69 
59 62 66 69 
59 62 66 69 
59 62 66 69 
59 62 69 
69 




























76 
62 67 71 76 
62 67 71 76 
62 67 71 76 
62 67 71 76 
62 67 71 76 
67 71 76 










40 
40 
40 
40 
40 
40 






























52 
52 
52 
52 
52 
52 
52 









42 
42 
42 
42 
42 
42 












































43 
43 
43 
43 
43 
43 












































44 
44 
44 
44 
44 
44 
44 











































45 
45 
45 
45 
45 
45 
45 

























67 75 78 
67 70 73 75 78 
67 70 73 75 78 
67 70 73 75 78 
67 70 73 75 78 
67 70 73 75 78 
67 70 73 75 78 
70 73 
70 73 











































57 
57 
57 
57 
57 
57 
57 









67 70 73 75 78 
67 70 73 75 78 
67 70 73 75 78 
67 70 73 75 78 
67 70 73 75 78 
67 70 73 78 
78 












































67 78 
67 70 73 75 78 
67 70 73 75 78 
67 70 73 75 78 
67 70 73 75 78 
70 73 78 
70 73 78 
70 








































76 81 
50 64 69 76 81 
50 57 64 69 73 76 81 
50 57 64 69 73 76 81 
50 57 64 69 73 76 81 
50 57 64 69 73 76 81 
50 57 64 69 73 76 81 
57 69 73 76 
57 73 
























78 
78 
78 
78 
78 
78 
78 











76 
76 
76 
76 
76 
76 
76 





















74 
74 
74 
74 
74 
74 
74 















57 62 66 69 73 76 
47 57 62 66 69 73 76 
47 57 62 66 69 73 76 
47 57 62 66 69 73 76 
47 57 62 66 69 73 76 
47 57 62 66 69 73 76 
47 57 62 69 73 76 
69 76 






































62 65 68 70 73 
52 62 65 68 70 73 
52 62 65 68 70 73 
52 62 65 68 70 73 
52 62 65 68 70 73 
52 62 65 68 70 73 
52 68 



























66 69 
64 66 69 
52 61 64 66 69 
52 61 64 66 69 
52 61 64 66 69 
52 61 64 69 
52 
52 
52 










































45 
45 
45 
45 
45 
45 
45 





























54 
54 
54 
54 
54 
54 
54 
54 






55 
55 
55 
55 
55 
55 
55 
55 








56 
56 
56 
56 
56 
56 
56 
56 









61 66 69 73 
61 66 69 73 
61 66 69 73 
61 66 69 73 
61 66 69 73 
61 66 69 73 
61 66 69 73 
69 73 
























63 66 72 
44 63 66 69 72 75 
44 63 66 69 72 75 
44 63 66 69 72 75 
44 63 66 69 72 75 
44 63 66 69 72 75 
44 69 72 75 
44 69 75 


























64 76 
64 68 71 76 
64 68 71 76 
64 68 71 76 
64 68 71 76 
64 68 71 76 
68 71 76 
68 71 
68 








49 59 
49 59 
49 59 
49 59 
49 59 
49 















































64 73 
64 73 
64 73 
64 73 
64 73 
64 73 
64 
64 
























80 
66 73 80 
66 73 80 
66 73 80 
66 73 80 
66 73 80 
66 73 80 
73 
73 









61 
51 61 
51 61 
51 61 
51 61 
51 61 
51 61 













































78 
50 60 66 72 78 
50 60 66 72 78 
50 60 66 72 78 
50 60 66 72 
50 60 66 72 
50 60 72 
60 72 











































76 
76 
49 59 68 71 76 
49 59 68 71 76 
49 59 68 71 76 
49 59 68 71 76 
49 59 68 71 
71 













































64 73 
64 73 
64 73 
64 73 
64 73 
64 

























73 80 
66 73 80 
66 73 80 
66 73 80 
66 73 80 
66 73 80 
73 












61 
51 61 
51 61 
51 61 
51 61 
51 61 
51 


























66 
66 
66 
66 
66 
66 
66 
66 









78 
60 72 78 
60 72 78 
60 72 78 
60 72 78 
60 72 
60 72 
60 72 
60 72 





















76 
76 
76 
76 
76 
76 
76 













49 59 73 
49 59 68 73 
49 59 64 68 73 
49 59 64 68 73 
49 59 64 68 73 
59 64 68 73 
64 68 73 
64 68 






































67 
47 63 67 
47 57 63 67 73 
47 57 63 67 73 
47 57 63 67 73 
47 57 63 67 73 
47 57 67 73 
57 73 
73 
68 
68 
68 
68 
68 
68 
68 


































46 64 73 
46 64 73 
46 61 64 68 73 
46 61 64 68 73 
46 61 64 68 73 
46 61 68 73 
61 68 
68 
68 










































52 71 
52 71 
52 71 
52 71 
52 71 
71 




























61 68 
61 66 68 
61 66 68 
61 66 68 
61 66 68 
61 66 68 
66 68 










56 
56 
56 
56 
56 
56 












































55 
55 
55 
55 
55 
55 
55 










































64 
56 60 64 66 
56 60 64 66 
56 60 64 66 
56 60 64 66 
56 60 64 66 
56 60 64 66 














































44 
44 61 66 69 73 
44 61 66 69 73 
44 61 66 69 73 
44 61 66 69 73 
44 61 66 69 73 
44 61 66 69 73 
44 61 66 69 73 
66 69 73 
























63 75 
63 75 
63 75 
63 75 
63 75 
63 75 
75 












59 64 76 
49 59 64 68 71 76 
49 59 64 68 71 76 
49 59 64 68 71 76 
49 59 64 68 71 76 
49 59 64 68 71 76 
49 68 71 76 
68 71 












































64 
64 
64 
64 
64 
64 
64 
64 







73 
73 
73 
73 
73 
73 
73 






















61 73 80 
61 73 80 
51 61 68 73 80 
51 61 68 73 80 
51 61 68 73 80 
51 61 68 73 80 
51 68 73 80 
68 











































78 
60 72 78 
60 66 72 78 
60 66 72 78 
60 66 72 
60 66 72 
60 66 72 
60 72 











































49 59 68 71 76 
49 59 68 71 76 
49 59 68 71 76 
49 59 68 71 76 
49 59 68 71 76 
49 59 68 71 76 











































73 
73 
73 
64 73 
64 73 
64 73 
64 73 
64 
64 


























52 62 67 71 78 
52 62 67 71 78 
52 62 67 71 78 
52 62 67 71 78 
52 62 67 71 78 
52 62 67 71 78 
52 71 78 









































78 
78 
58 61 67 70 78 
58 61 67 70 73 78 
58 61 67 70 73 78 
58 61 67 70 73 78 
58 61 67 70 73 78 
61 70 73 
70 73 











































53 
53 
53 
53 
53 
53 
53 









54 61 64 69 
54 61 64 69 71 
54 61 64 69 71 
54 61 64 69 71 
54 61 64 69 71 
54 61 64 69 71 
71 
71 




























61 
61 
61 
61 
61 
61 










62 
62 
62 
62 
62 
62 
62 



























57 63 
57 63 
57 63 
57 63 
57 63 
57 63 
57 


























































47 
47 
47 
47 
47 
47 



























52 59 62 66 69 
52 59 62 66 69 
52 59 62 66 69 
52 59 62 66 69 
52 59 62 66 69 
52 59 62 66 69 
52 69 
52 












































69 
59 62 66 69 
59 62 66 69 
59 62 66 69 
59 62 66 69 
59 62 66 69 
59 62 66 69 
59 62 66 69 
59 62 









66 69 
66 69 
59 62 66 69 
59 62 66 69 
59 62 66 69 
59 62 
62 

























69 
69 
59 62 66 69 
40 59 62 66 69 
40 59 62 66 69 
40 59 62 66 
40 59 62 
40 
40 
40 
40 









69 
66 69 
59 62 66 69 
59 62 66 69 
59 62 66 
59 62 










































62 66 69 
59 62 66 69 
59 62 66 69 
59 62 66 69 
59 62 66 69 
59 69 


























65 69 73 
65 69 73 
61 65 67 69 73 
61 65 67 69 73 
61 65 67 69 73 
61 67 73 
67 73 





























































51 
51 61 67 73 
51 61 67 73 
51 61 67 73 
51 61 67 73 
51 61 67 73 
61 67 73 
67 73 












































64 
50 57 64 66 
50 57 64 66 
50 57 64 66 
50 57 64 66 
50 57 64 66 
57 66 
66 









































62 
62 
62 
62 
62 
62 











































64 
49 59 61 64 
49 59 61 64 
49 59 61 64 
49 59 61 64 
49 59 61 64 
59 61 64 

























69 
69 
69 
69 
69 
69 
69 
69 
69 











69 
69 
69 
69 
69 
69 
69 
69 






















69 
69 
69 
69 
69 
69 
69 










69 
48 57 63 67 69 
48 57 63 67 69 
48 57 63 67 69 
48 57 63 67 69 
48 57 63 67 69 
48 57 63 67 69 
48 67 












































69 
69 
69 
69 
69 
69 
69 


























57 62 64 
57 62 64 
57 62 64 
57 62 64 
57 62 64 
57 64 










47 
47 
47 
47 
47 















































57 62 
57 62 
57 62 
57 62 
57 62 
57 62 
57 

























64 
64 
64 
64 
64 
64 
64 
64 










76 
59 71 76 
49 59 71 76 
49 59 71 76 
49 59 71 76 
49 59 71 76 
49 59 71 76 
71 













































64 
64 
64 
64 
64 










































64 
52 64 69 74 76 
52 64 66 69 74 76 
52 64 66 69 74 76 
52 64 66 69 74 76 
52 64 66 69 74 76 
52 69 74 76 

























69 
69 
69 
69 
69 
69 
69 
69 












69 
69 
69 
69 
69 
69 
69 

























69 
69 
69 
69 
69 
69 
69 












57 62 69 
57 59 62 66 69 
57 59 62 66 69 
57 59 62 66 69 
57 59 62 66 69 
57 59 62 66 69 
57 59 66 69 











































69 
69 
69 
69 
69 
69 
69 






















67 71 74 78 
67 71 74 78 
67 71 74 78 
67 71 74 78 
67 71 74 78 
62 67 71 74 78 
52 62 67 71 74 78 
52 62 78 
52 62 
52 62 
52 
52 





40 
40 
40 
40 
40 






























52 
52 
52 
52 
52 
52 
52 
52 









42 
42 
42 
42 
42 
42 













































43 
43 
43 
43 
43 












































44 
44 
44 
44 
44 
44 












































45 
45 
45 
45 
45 
45 
45 



























81 
67 74 78 81 
67 74 78 81 
67 74 78 81 
67 74 78 81 
67 74 78 81 
67 74 81 
67 74 81 
67 74 
67 



























































51 61 67 81 
51 61 67 81 
51 61 67 72 77 81 
51 61 67 72 77 81 
51 61 67 72 77 81 
51 61 67 72 77 81 
61 67 72 77 81 
72 77 
72 77 













































81 
81 
81 
81 
81 
81 
81 






















64 81 
50 57 64 69 73 81 
50 57 64 69 73 81 
50 57 64 69 73 81 
50 57 64 69 73 81 
50 57 64 69 73 81 
50 57 64 69 73 81 
50 57 69 73 81 
73 









































78 
78 
78 
78 
78 
78 
78 














76 
76 
76 
76 
76 
76 
76 






















74 
74 
74 
74 
74 
74 
74 










52 62 
52 62 
52 62 68 73 
52 62 68 73 76 
52 62 68 73 76 
52 62 68 73 76 
52 62 68 73 76 
68 73 76 
68 73 76 
68 73 76 






































64 73 
62 64 73 
53 62 64 73 
53 62 64 73 
53 62 64 65 73 
53 62 64 65 73 
53 62 64 65 73 
53 62 64 65 
53 65 
65 
65 
65 
65 




















64 
54 64 69 
54 61 64 69 
54 61 64 69 
54 61 64 69 
54 61 64 69 
54 61 64 69 
54 61 64 69 
69 
















































































52 
52 
52 
52 
52 






51 
51 
51 
51 
51 
51 
51 
51 










50 
50 
50 
50 
50 
50 
50 
50 
50 























76 
65 69 71 76 
65 69 71 76 
65 69 71 76 
65 69 71 76 
65 69 71 76 
65 69 71 76 
65 69 71 76 
65 69 71 








74 
74 
74 
74 
74 
74 
74 
74 

























64 68 73 
64 68 71 73 
64 68 71 73 
64 68 71 73 
64 68 71 73 
64 68 71 73 
64 68 71 73 
64 71 73 









45 
45 
45 
45 
45 












































74 
74 
74 
74 
74 
74 
74 
74 

























64 67 73 
64 67 73 
64 67 70 73 
64 67 70 73 
64 67 70 73 
64 67 70 73 
64 67 70 73 
70 73 










46 
46 
46 
46 
46 
46 










































76 
76 
58 76 
58 76 
58 76 
58 76 
58 76 





























62 66 69 71 
62 66 69 71 
62 66 69 71 
62 66 69 71 
62 66 69 71 
71 










47 
47 
47 
47 
47 































59 
59 
59 
59 
59 
59 










51 
51 
51 
51 
51 
51 
51 










































65 73 
62 65 68 70 73 
62 65 68 70 73 
52 62 65 68 70 73 
52 62 65 68 70 73 
52 62 65 68 70 73 
52 65 68 
52 
52 












































40 
40 
40 
40 
40 
40 




























45 69 
45 69 
45 69 
45 69 
45 69 
45 69 
45 69 
69 












































50 61 66 
50 61 66 
50 61 66 
50 61 66 
50 61 66 
50 61 66 
50 61 66 
50 61 66 










































66 
50 61 66 
50 61 66 
50 61 66 
50 61 66 
50 61 66 
50 61 
50 










49 64 
49 64 
49 64 
49 59 64 
49 59 64 
59 64 




























45 
45 
45 
45 
45 








57 62 
47 57 62 
47 57 62 
47 57 62 
47 57 62 
47 











































45 57 64 
45 57 61 64 
45 57 61 64 
45 57 61 64 
45 57 61 64 
45 61 













































59 62 66 69 
40 52 59 62 66 69 
40 52 59 62 66 69 
40 52 59 62 66 69 
40 52 59 62 66 69 
40 52 59 62 66 69 
40 52 69 
52 














































71 
66 69 71 
62 66 69 71 
62 66 69 71 
62 66 69 71 
62 66 69 71 
62 66 69 71 
62 69 71 
62 
























73 
73 
73 
73 
73 
73 
73 









74 
74 
74 
74 
74 
74 
74 
74 
























66 76 
66 71 76 
66 71 76 
66 71 76 
66 71 76 
66 71 76 
71 76 
71 










45 
45 
45 
45 
45 
45 





























66 
66 
66 
66 
66 
66 











61 
61 
61 
61 
61 
61 








76 
71 76 
71 76 
71 76 
71 76 
71 76 
71 76 
71 






78 
78 
78 
78 
78 











57 64 
57 64 
50 57 64 71 76 80 
50 57 64 71 76 80 
50 57 64 66 71 76 80 
50 57 64 66 71 76 80 
50 57 66 71 76 80 
50 66 71 76 80 
66 71 76 80 
66 71 











































62 
62 
62 
62 
62 
62 
62 
62 







83 
71 83 
71 83 
71 83 
71 83 
71 83 
71 83 
71 83 
71 








80 
80 
80 
80 
80 
80 
80 











59 64 71 76 
49 59 64 71 76 
49 59 64 71 76 
49 59 64 71 76 
49 59 64 71 76 
59 71 76 















































64 
64 
64 
64 











80 
80 
80 
80 
80 
80 
80 








76 
76 
76 
76 
76 
76 
76 
76 
76 








57 
48 57 63 75 
48 57 63 75 
48 57 63 75 
48 57 63 75 
48 57 63 75 
48 75 
75 












































63 
63 
63 
63 
63 
63 
63 







81 
69 81 
69 81 
69 81 
69 81 
69 81 
69 81 
69 









75 
75 
75 
75 
75 
75 
75 











57 
47 57 62 74 
47 57 62 74 
47 57 62 74 
47 57 62 74 
47 74 
74 
74 










































66 
66 
62 66 
62 66 69 
62 66 69 
62 66 69 
62 











78 
78 
78 
78 
78 











81 
81 
81 
81 
81 
81 
81 









75 83 
75 83 
53 63 69 75 83 
53 63 69 75 83 
53 63 69 75 79 83 
53 63 69 75 79 83 
53 63 69 79 83 
53 63 













































63 
63 
63 
63 
63 
63 



























81 
52 64 69 74 78 81 
52 64 69 74 78 81 
52 64 69 74 78 81 
52 64 69 74 78 81 
52 64 69 74 81 
52 74 
52 





























































64 
64 
64 
64 
64 
64 
64 
64 



























69 
69 
69 
69 
69 
69 
69 
69 








69 
52 62 69 
52 62 66 69 
52 62 66 69 
52 62 66 69 
52 62 66 69 
52 62 66 69 
52 62 66 69 
52 66 







71 
71 
71 
71 
71 
71 
71 



























40 
40 
40 73 
40 73 
40 73 
40 73 
40 73 
40 73 
73 








74 
74 
74 
74 
74 
74 
74 
74 






















76 
76 
52 62 67 71 76 
52 62 67 71 76 
52 62 67 71 76 
52 62 67 71 76 
52 62 67 71 
52 71 
71 










































67 
67 
67 
67 
67 
67 
67 








































81 
78 81 
78 81 
54 69 73 76 78 81 
54 69 73 76 78 81 
54 64 69 73 76 81 
54 64 69 73 76 
54 64 69 73 76 
64 73 
64 












































69 
69 
69 
69 
69 
69 
69 











































52 83 
52 62 67 74 79 83 
52 62 67 74 79 83 
52 62 67 74 79 83 
52 62 67 74 79 83 
52 62 67 74 79 83 
52 62 67 74 79 83 
74 79 
74 
























81 
81 
81 
81 
81 
81 
81 














79 
79 
79 
79 
79 
79 

























78 
61 78 
61 67 70 75 78 
61 67 70 75 78 
61 67 70 75 78 
61 67 70 75 78 
61 67 70 75 78 
61 67 75 
67 75 








































79 
79 
79 
79 
79 
79 
79 
79 









































64 81 
64 74 81 
50 57 64 71 74 81 
50 57 64 71 74 81 
50 57 64 71 74 81 
50 57 71 74 81 
50 57 71 74 81 
57 











































78 
78 
78 
78 
78 
78 
78 















76 
76 
76 
76 
76 
76 
76 



















74 
74 
74 
74 
74 
74 
74 














58 64 69 76 
58 64 69 76 
58 64 69 76 
58 64 69 76 
58 64 69 76 
69 76 
69 76 
69 


70 
70 
70 
70 
70 
70 
70 



































73 
73 
73 
73 
73 
73 

























69 
62 66 69 
52 62 66 69 71 
52 62 66 69 71 
52 62 66 69 71 
52 66 71 
52 71 
52 








































40 
40 
40 
40 
40 
40 
40 










66 
66 
59 62 66 69 
59 62 66 69 
59 62 66 69 
59 62 69 
59 62 69 
69 











































66 
59 62 66 69 
59 62 66 69 
59 62 66 69 
59 62 66 69 
59 62 69 












































62 
59 62 66 69 
59 62 66 69 
59 62 66 69 
59 62 66 69 
59 62 66 69 
69 


























73 
73 
73 
73 
73 
73 
73 
73 











39 
39 
39 
39 
39 
39 


























67 
61 65 67 
61 65 67 
61 65 67 
61 65 67 
61 65 67 
61 65 












51 
51 
51 
51 
51 
51 








































50 69 
50 69 
50 61 66 69 
50 61 66 69 
50 61 66 69 
50 61 66 69 
61 66 
66 












































57 
57 
57 
57 
57 
57 












































49 69 
49 59 61 64 69 
49 59 61 64 69 
49 59 61 64 69 
49 59 61 64 69 
59 64 69 
69 













































64 
64 
64 
64 
64 


























81 
81 
81 
81 
81 
81 
81 
81 
81 








48 
48 
48 
48 57 
48 57 63 
57 63 69 72 
57 63 69 72 
57 63 69 72 
57 63 69 72 75 77 
57 63 69 72 75 77 81 
72 75 77 81 
72 75 77 81 
72 75 77 81 
77 81 
77 81 
81 




































81 
81 
81 
81 
57 81 
57 81 
57 81 



























76 
76 
66 69 76 
66 69 76 
66 69 73 76 
66 69 73 76 
69 73 












47 57 62 
47 57 62 
47 57 62 
47 57 62 
57 











































66 
66 
66 
66 
66 
66 


























69 
69 
69 
69 
69 
69 
69 











62 70 
52 62 66 70 
52 62 66 70 
52 62 66 70 
52 62 66 70 
52 66 70 
52 70 













































62 
62 
62 
62 










































64 
56 64 66 68 71 
56 64 66 68 71 
56 64 66 68 71 
56 64 66 68 71 
56 68 71 
56 68 71 














































64 
64 
64 
64 
64 
64 




























51 
51 
51 
51 
51 
51 










69 
62 69 
52 59 62 66 69 
52 59 62 66 69 
52 59 62 66 69 
52 59 62 66 69 
52 59 62 66 69 
52 59 66 
52 











































69 
69 
69 
69 
69 
69 
























76 
76 
67 74 76 
67 71 74 76 
67 71 74 76 
67 71 74 76 
67 71 74 
71 











52 
52 
52 
52 
52 










































54 
54 
54 
54 
54 
54 













































55 
55 
55 
55 
55 















































56 
56 
56 
56 
56 
56 
56 








































57 
57 
57 
57 
57 
57 
57 



























78 
75 78 
67 70 73 75 78 
67 70 73 75 78 
67 70 73 75 78 
67 70 73 75 
67 70 73 75 
67 70 73 
67 70 73 
70 



























































61 78 
51 61 67 69 73 78 
51 61 67 69 73 78 
51 61 67 69 73 78 
51 61 67 69 73 78 
51 61 67 69 73 78 
51 61 67 69 73 
67 69 73 
69 















































78 
78 
78 
78 
78 
78 























81 
64 69 81 
50 57 64 69 73 81 
50 57 64 69 73 81 
50 57 64 69 73 81 
50 57 64 69 73 81 
50 57 64 69 73 81 
50 57 64 69 73 81 
50 57 69 73 
73 





































78 
78 
78 
78 
78 
78 













76 
76 
76 
76 
76 
76 
























74 
74 
74 
74 
74 
74 
74 
74 










62 
52 62 68 73 76 
52 62 68 73 76 
52 62 68 73 76 
52 62 68 73 76 
52 62 68 73 76 
52 68 73 76 
68 73 76 
73 76 












































73 
73 
73 
73 
73 
73 
























52 
52 69 
52 69 
52 69 
52 69 
52 69 
52 69 
69 











































45 64 
45 59 64 66 
45 59 64 66 
45 59 64 66 
45 59 64 66 
59 64 66 
59 66 












































55 
55 
55 
55 
55 
55 
55 










56 61 66 69 73 
56 61 66 69 73 
56 61 66 69 73 
56 61 66 69 73 
56 61 66 69 73 
56 61 66 69 73 
56 69 73 
56 













































63 66 75 
63 66 75 
63 66 69 72 75 
63 66 69 72 75 
63 66 69 72 75 
63 66 69 72 75 
69 72 


























64 68 73 76 
49 59 64 68 73 76 
49 59 64 68 73 76 
49 59 64 68 73 76 
49 59 64 68 73 76 
49 59 64 68 73 76 
59 68 73 





























































64 
64 
64 
64 
64 
64 
64 
























73 
73 
73 
73 
73 
73 
73 
73 








66 
61 66 
51 61 66 73 80 
51 61 66 68 73 80 
51 61 66 68 73 80 
51 61 68 73 80 
51 61 68 73 80 
68 73 80 
68 73 80 
68 73 







































78 
78 
72 78 
60 66 72 78 
60 66 72 
60 66 72 
60 66 72 
60 66 72 
60 72 
60 









































49 59 76 
49 59 68 71 76 
49 59 68 71 76 
49 59 68 71 76 
49 68 71 76 
68 71 76 
71 











































73 
64 73 
64 73 
64 73 
64 73 
64 




























66 73 80 
51 61 66 73 80 
51 61 66 73 80 
51 61 66 73 80 
51 61 66 73 80 
51 61 66 73 80 
51 61 66 73 80 
61 73 











































60 78 
60 72 78 
60 72 78 
60 72 78 
60 72 78 
60 72 78 
60 72 
60 72 
72 











76 
76 
76 
76 
76 
76 
76 
























59 
59 
59 
59 
59 
59 
59 










73 
64 68 73 
64 68 73 
64 68 73 
64 68 73 
64 68 73 
64 68 73 
68 


























49 
49 
49 
49 
49 
49 
49 










64 
64 68 73 
64 68 73 
64 68 73 
64 68 73 
64 68 73 
68 73 










48 
48 
48 
48 
48 
48 
48 
48 







47 
47 
47 
47 
47 
47 
47 









46 64 73 
46 61 64 68 73 
46 61 64 68 73 
46 61 64 68 73 
46 61 64 68 73 
46 61 64 68 73 
46 61 64 68 73 
46 68 











































71 
71 
71 
71 
71 
71 


























61 66 68 
61 66 68 
61 66 68 
61 66 68 
61 66 68 
68 










44 
44 
44 
44 


































54 
54 
54 
54 
54 
54 
54 









55 
55 
55 
55 
55 
55 



























56 60 64 
56 60 64 
56 60 64 
56 60 64 
56 60 64 
56 60 64 
64 




























































44 
44 
44 
44 
44 












73 
73 
73 
73 
73 
73 
73 
73 







75 
75 
75 
75 
75 
75 
75 
75 








64 76 
49 59 64 76 
49 59 64 68 76 
49 59 64 68 76 
49 59 64 68 76 
49 59 64 68 76 
59 68 76 
59 68 76 
68 
68 










































73 
64 73 
64 73 
64 73 
64 73 
64 73 
73 

























61 66 73 80 
61 66 73 80 
51 61 66 73 80 
51 61 66 73 80 
51 61 66 73 80 
51 61 66 73 80 
51 61 66 73 80 
51 73 80 
51 








































72 78 
60 72 78 
60 72 78 
60 72 78 
60 72 78 
60 72 78 
60 72 
60 72 
60 
60 
60 



























































49 59 76 
49 59 68 71 76 
49 59 68 71 76 
49 59 68 71 76 
49 59 68 71 76 
49 59 68 71 76 
68 71 76 
68 71 









































73 
73 
64 73 
64 73 
64 73 
64 73 
64 73 
64 









































78 
52 62 67 71 74 78 
52 62 67 71 74 78 
52 62 67 71 74 78 
52 62 67 71 74 78 
52 62 67 71 74 
52 62 67 71 74 
52 67 71 74 










































61 78 
61 67 70 78 
61 67 70 78 
61 67 70 78 
61 67 70 78 
61 67 70 
67 70 
70 
70 
































52 
52 
52 
52 






54 
54 64 71 
54 61 64 69 71 
54 61 64 69 71 
54 61 64 69 71 
54 61 64 69 71 
54 61 64 69 71 
61 64 




























































































63 
63 
63 
63 
63 
63 
63 










































47 
47 
47 
47 
47 
47 

























62 
52 59 62 66 
52 59 62 66 
52 59 62 66 
52 59 62 66 
52 59 62 66 
52 59 66 
52 59 
52 




























































40 
40 
40 69 
40 59 62 66 69 
40 59 62 66 69 
40 59 62 66 69 
40 59 62 66 69 
59 62 66 69 
59 62 66 69 
59 62 66 69 
59 62 69 
59 62 



























59 62 66 69 
59 62 66 69 
59 62 66 69 
59 62 66 69 
59 62 66 69 
59 69 












62 66 69 
62 66 69 
59 62 66 69 
59 62 66 69 
59 62 66 69 
59 69 
59 



























59 62 66 69 
59 62 66 69 
59 62 66 69 
59 62 66 69 
59 62 66 69 
59 62 69 








































61 65 67 70 73 
61 65 67 70 73 
61 65 67 70 73 
61 65 67 70 73 
61 65 70 73 
61 65 70 73 











39 
39 
39 
39 
39 












































51 
51 
51 
51 
51 
51 











































69 
57 61 66 69 
57 61 66 69 
57 61 66 69 
57 61 66 69 
57 61 66 69 
57 
57 










































50 
50 
50 
50 
50 
50 













































49 64 69 78 81 
49 64 69 73 76 78 81 
49 64 69 73 76 78 81 
49 64 69 73 76 78 81 
49 64 69 73 76 78 81 
49 64 69 73 76 81 
49 64 69 73 76 81 
69 73 76 81 














































57 
57 
57 
57 
57 
57 
57 
























81 
81 
81 
81 
81 
81 
81 
81 










57 81 
48 57 63 69 75 78 81 
48 57 63 69 75 78 81 
48 57 63 69 75 78 81 
48 57 63 69 75 78 81 
48 57 63 69 75 78 81 
48 57 69 75 81 
48 69 75 81 
69 










































81 
81 
57 81 
57 81 
57 81 
57 81 
57 81 
























76 
74 76 
66 69 74 76 
66 69 74 76 
69 74 76 
69 74 












57 
47 57 62 
47 57 62 
47 57 62 
47 57 62 















































57 
57 
57 
57 
57 








































49 64 
49 56 59 64 68 
49 56 59 64 68 
49 56 59 64 68 
56 59 64 68 
56 59 68 
68 

















































56 
56 
56 
56 
56 





























66 69 
52 59 62 66 69 
52 59 62 66 69 
52 59 62 66 69 
52 59 62 66 69 
52 59 62 66 69 
52 59 62 69 
52 










































69 
69 
59 62 66 69 
59 62 66 69 
59 62 66 69 
59 62 66 69 
59 62 66 69 
59 62 66 69 
59 62 
59 62 










69 
69 
66 69 
59 62 66 69 
59 62 66 69 
59 62 66 
59 62 

























40 59 62 66 69 
40 59 62 66 69 
40 59 62 66 69 
40 59 62 66 69 
40 59 62 66 69 
40 59 62 69 
40 69 















59 62 66 69 
59 62 66 69 
59 62 66 69 
66 







































62 69 
59 62 66 69 
59 62 66 69 
59 62 66 69 
59 62 66 69 
59 62 66 69 
59 69 










































62 67 71 74 78 
62 67 71 74 78 
52 62 67 71 74 78 
52 62 67 71 74 78 
52 62 67 71 74 78 
52 62 67 71 74 78 
52 74 78 
52 78 










































67 
67 
67 
67 
67 
67 
67 








































75 
56 60 66 70 72 75 
56 60 66 70 72 75 
56 60 66 70 72 75 
56 60 66 70 72 75 
56 60 66 70 72 75 
56 60 70 72 
56 72 















































60 
60 
60 
60 
60 
60 
60 







































62 67 74 
52 62 67 71 74 
52 62 67 71 74 
52 62 67 71 74 
52 62 67 71 74 
52 62 67 71 74 
52 71 74 
52 71 










































67 
67 
67 
67 
67 
67 
67 
67 

























81 
81 
81 
81 
81 
81 
81 
81 
81 









51 61 81 
51 61 77 81 
51 61 67 72 77 81 
51 61 67 72 77 81 
51 61 67 72 77 81 
61 67 72 77 81 
67 72 77 81 
67 72 77 81 
67 72 77 
72 







































81 
81 
81 
81 
81 
81 
81 



















66 67 
66 67 
66 67 
66 67 
67 
69 
69 
69 74 81 
69 73 74 81 
69 73 74 81 
69 73 74 81 
69 73 74 81 
73 74 81 
73 74 81 
73 74 81 
73 








































69 
69 
69 78 
69 78 
69 78 
69 78 
69 78 
69 78 
78 










66 
66 76 
66 76 
66 76 
66 76 
66 76 
76 
76 























64 
64 
64 74 
64 74 
64 74 
64 74 
64 74 
74 
74 











68 76 
68 76 
62 68 73 76 
53 62 68 73 76 
53 62 68 73 76 
53 62 68 73 76 
53 62 68 73 76 
53 62 73 76 
73 
73 
































53 
53 
53 
53 
53 
53 
53 

65 73 
65 68 73 
65 68 73 
65 68 73 
65 68 73 
65 68 73 
65 68 73 
65 68 73 
68 

























54 64 69 
54 61 64 69 
54 61 64 69 
54 61 64 69 
54 61 64 69 
54 61 64 69 
54 69 































52 
52 
52 
52 
52 
52 
52 






51 
51 
51 
51 
51 
51 
51 
51 








69 
50 65 69 71 76 
50 65 69 71 76 
50 65 69 71 76 
50 65 69 71 76 
50 65 69 71 76 
50 65 69 71 76 
50 65 71 76 
50 
50 


























































































74 
74 
74 
74 
74 
74 
74 
























52 64 68 69 73 
52 64 68 69 73 
52 64 68 69 73 
52 64 68 69 73 
52 64 68 69 73 
52 64 68 69 73 
52 64 68 69 73 
52 68 69 73 





























































74 
74 
74 
74 
74 
74 
74 
























64 73 
64 70 73 
42 64 67 70 73 
42 64 67 70 73 
42 64 67 70 73 
42 64 67 70 73 
42 64 67 70 73 
42 64 67 70 
42 67 






























































76 
76 
76 
76 
76 
76 
76 
76 






















67 
53 63 67 69 71 
53 63 67 69 71 
53 63 67 69 71 
53 63 67 69 71 
53 63 67 69 71 
53 63 67 69 71 
53 63 69 71 
53 





























































41 
41 
41 
41 
41 


























40 
40 
40 
40 
40 
40 
40 
40 
40 








































62 65 73 
62 65 68 70 73 
62 65 68 70 73 
52 62 65 68 70 73 
52 62 65 68 70 73 
52 62 65 68 70 73 
52 62 65 68 70 73 
52 62 65 68 70 73 
52 62 
52 
52 
52 








38 
38 
38 
38 
38 
38 
38 
38 



























50 
50 
50 
50 
50 
50 
50 
50 








37 
37 65 73 
37 59 65 69 73 
37 59 65 69 73 
37 59 65 69 73 
37 59 65 69 73 
37 59 65 69 73 
59 65 69 73 
59 69 73 










































43 74 
43 74 
43 74 
43 74 
43 74 
43 74 
43 74 
43 74 
43 












































42 64 67 73 
42 61 64 67 70 73 
42 61 64 67 70 73 
42 61 64 67 70 73 
42 61 64 67 70 73 
42 61 64 67 70 73 
61 64 67 70 73 











































67 70 76 
46 67 70 73 76 
46 67 70 73 76 
46 67 70 73 76 
46 67 70 73 76 
46 67 70 73 76 
46 70 73 76 
46 73 









































62 
62 
47 62 66 69 71 
47 62 66 69 71 
47 62 66 69 71 
47 62 66 69 71 
47 66 69 71 
47 66 69 71 
69 









































41 
41 
41 
41 
41 
41 



























40 
40 
40 
40 
40 
40 
40 
40 









































62 66 68 70 73 
62 66 68 70 73 
62 66 68 70 73 
62 66 68 70 73 
62 66 68 70 73 
62 66 68 70 73 
62 66 68 70 73 
68 73 







38 
38 
38 
38 
38 
38 
38 




























45 
45 
45 
45 










37 73 
37 59 65 69 73 
37 59 65 69 73 
37 59 65 69 73 
37 59 65 69 73 
37 59 65 69 73 
37 59 65 69 73 
59 65 69 73 
65 












































74 
74 
49 74 
49 74 
49 74 
49 74 
49 74 
49 74 























64 67 70 73 
46 64 67 70 73 
46 64 67 70 73 
46 64 67 70 73 
46 64 67 70 73 
46 64 67 70 73 
46 64 67 70 73 
46 67 
46 





























































76 
76 
76 
76 
76 
76 

























62 71 
62 66 69 71 
47 62 66 69 71 
47 62 66 69 71 
47 62 66 69 71 
47 62 66 69 71 
47 62 66 69 71 
47 










































49 
49 
49 
49 
49 
49 
49 
49 












50 
50 
50 
50 
50 
50 
50 

























51 
51 
51 
51 
51 
51 
51 
51 










52 
52 
52 
52 
52 
52 
52 
52 




























40 62 65 68 70 73 
40 62 65 68 70 73 
40 62 65 68 70 73 
40 62 65 68 70 73 
40 62 65 68 70 73 
40 62 65 68 70 73 
40 62 65 68 73 
40 65 73 























































































50 57 66 69 
50 57 61 66 69 
50 57 61 66 69 
50 57 61 66 69 
50 57 61 66 69 
50 57 61 66 69 
50 57 61 66 69 
50 57 61 66 69 
61 69 














50 
50 
50 66 69 
50 66 69 
66 69 
66 
























50 57 61 66 69 
50 57 61 66 69 
50 57 61 66 69 
50 57 61 66 69 
50 57 61 66 69 
50 57 61 66 69 
50 57 61 66 69 
57 61 69 














48 55 60 64 69 
48 55 60 64 69 
48 55 60 64 69 
48 55 60 64 69 
48 55 60 64 69 
48 55 64 69 
48 55 64 69 







































46 62 
46 62 
46 53 58 62 67 69 
46 53 58 62 67 69 
46 53 58 62 67 69 
46 53 58 62 67 69 
53 58 67 69 
58 67 69 
69 

























45 52 64 68 73 76 
45 52 64 68 71 73 76 
45 52 64 68 71 73 76 
45 52 64 68 71 73 76 
45 52 64 68 71 73 76 
45 52 68 71 73 76 
71 











































































































88 92 
88 92 
64 66 78 83 88 92 
61 64 66 71 78 83 88 92 
61 64 66 71 83 
61 64 66 71 
61 71 






