creating an lstm...	
missing seed text, using uniform probability over first character	
--------------------------	
6 73 80 82 
71 73 76 80 82 
71 73 76 80 82 
73 76 80 82 
73 76 
72 74 77 
72 
54 61 66 72 77 
51 61 66 72 77 
51 61 66 72 77 
51 61 66 72 77 
51 61 66 72 77 
51 61 66 72 77 
51 61 66 






















































84 
74 80 83 87 
74 80 83 87 
74 75 80 83 87 
74 75 80 83 87 
74 75 80 83 87 
74 75 80 83 
75 

70 
70 
70 
70 
70 
70 
70 














37 
37 
37 











66 
59 63 66 
59 63 66 
59 63 66 
59 63 66 68 
63 66 68 


















68 
68 
68 
68 
68 
68 
68 
58 68 
58 68 
58 68 
58 68 
58 68 
58 68 

70 
70 
70 
70 
70 
70 
70 73 
70 73 
70 73 78 
72 75 77 80 
72 77 
72 77 79 
72 77 
72 
77 
77 
77 









70 72 
70 72 
70 72 
70 72 
70 72 
70 72 
70 72 
70 72 
70 
70 
58 68 70 
48 58 65 68 70 
48 58 65 68 70 
48 58 65 68 70 
48 58 65 70 
48 58 65 70 
48 65 








































68 
68 
68 
68 
68 


60 
60 
60 
60 











70 
70 
70 
70 
70 
70 
70 
70 








71 
71 
71 
71 
71 
71 


58 
58 
58 
58 
58 





62 
62 
62 
62 
62 
66 
66 
66 
66 70 
66 70 
66 70 
66 70 
66 70 
70 
70 
70 
70 
70 










65 72 74 78 
65 67 72 74 78 
65 67 72 74 78 
65 67 72 74 78 
65 67 72 74 77 
65 69 72 74 77 
65 69 72 77 
49 





























68 70 74 79 
68 70 74 79 
68 70 74 79 
68 70 74 79 
68 70 74 77 
68 70 74 77 
48 68 70 74 77 
48 65 70 74 77 
49 65 
49 57 64 77 
49 58 64 
47 59 64 70 
49 59 
59 
59 




















73 
73 
73 
73 
73 
73 
















79 
79 
79 
79 
79 
79 
79 
79 
79 
79 
79 
79 
44 59 79 
44 59 78 
44 59 75 
44 59 75 
49 










44 
44 
44 
44 
44 






































78 
70 73 78 
66 70 73 78 
66 70 73 78 
66 70 73 78 
66 70 73 78 
70 73 
73 

















47 73 
47 73 
47 73 
47 73 
47 73 
47 73 
73 
73 
73 
73 75 
73 75 
73 75 
73 75 
75 
75 


78 
78 
78 
78 
78 
78 
78 
78 
78 
78 
















72 
72 
72 
72 
72 







83 
83 
83 
83 
83 
83 
83 
83 










46 53 
46 53 
46 53 
46 53 
46 53 
46 53 
46 53 
46 53 













































































80 
70 82 
70 82 
70 82 
70 82 
70 82 
70 82 
70 82 
70 








82 
82 
82 


80 
80 
80 
80 
80 
80 
80 
80 
80 
80 












41 63 
41 63 
41 63 
41 63 
41 63 
41 63 
41 63 
41 63 































66 74 80 
59 66 73 74 80 
59 63 66 70 73 79 85 
56 63 69 70 73 75 79 80 
59 63 66 69 71 75 79 80 
56 63 66 69 71 75 78 82 
66 71 75 77 82 86 
87 
87 








































63 69 
56 59 63 66 69 
53 56 66 69 
56 66 69 
56 69 































64 
64 79 
64 79 
64 79 
64 74 79 86 
64 74 76 86 
74 76 80 84 
84 86 
84 86 
84 86 
84 86 
84 86 
84 86 
84 86 
86 
86 
86 
86 
86 
86 
86 

78 
78 
78 
78 
78 
78 






69 91 
64 64 69 
64 69 
64 











34 
36 
39 
39 
39 
49 49 
49 41 58 69 73 
44 51 68 69 73 
44 59 68 73 
44 59 68 73 
44 51 68 73 
44 68 70 
70 
70 
70 




















62 66 69 73 
62 66 69 73 
62 66 69 73 
62 66 69 
36 
90 
63 90 
63 
63 
63 70 73 
63 70 73 
70 73 
70 73 
70 73 
73 
73 
75 
75 
75 
75 
75 
75 







79 
79 
79 
79 
79 
47 79 
47 79 
47 79 
47 
47 
47 








70 
70 
70 
70 
70 
70 
70 
70 
70 


















63 
66 
66 
76 
76 
76 
76 
76 
76 






61 67 73 
61 64 67 70 73 
61 64 67 70 73 
61 64 67 70 73 
61 64 67 70 73 
61 64 67 70 73 
61 64 68 70 73 
61 68 70 









73 80 
73 80 
73 80 
73 80 
73 80 
73 80 
73 80 





49 
49 59 88 
49 59 85 88 
49 59 85 88 
49 59 85 88 
49 59 85 88 
49 85 88 
89 
























61 66 71 76 
61 66 71 76 
61 66 71 76 
61 66 71 76 
61 66 71 76 
61 66 71 76 
61 























66 
66 
66 
66 
66 
66 







68 
59 62 65 68 
59 62 65 68 
59 62 65 68 
59 62 65 68 
59 62 65 
62 66 
66 











































49 69 71 
49 59 61 66 71 
49 59 61 66 71 
49 59 61 66 71 
49 59 61 66 73 
49 59 61 66 73 
49 59 73 
73 
73 





62 73 
62 73 
62 73 
62 73 
62 73 
62 73 
62 





















72 
72 
72 
72 
72 
72 
72 
72 






























66 
66 
66 
66 
66 
66 





















42 
42 
42 
42 
42 

















74 85 
74 85 
74 85 
74 85 
74 85 
74 85 
74 85 
75 




67 
67 
67 
67 
67 
67 
67 






















49 59 
49 59 
49 59 
49 59 
49 59 






59 70 
59 70 
59 70 
59 70 
59 70 
59 70 
49 59 70 
49 59 70 
49 59 70 
59 70 
49 59 60 63 68 
49 56 63 68 
46 58 63 67 
46 58 68 
47 58 68 
47 58 68 73 
48 65 73 
65 






















63 66 69 
53 63 66 69 
53 63 66 69 
53 63 66 69 
53 63 66 69 
53 63 66 69 
53 63 66 69 
53 63 66 69 
63 66 69 













78 
78 
78 
78 
78 



82 
51 82 
51 82 
51 82 
51 82 
51 82 
51 82 
51 82 
51 82 






80 
80 
80 
80 
80 
80 









49 59 71 76 
49 59 71 76 79 
49 59 71 76 79 
49 71 76 79 
71 76 79 
76 79 




















78 
78 
78 
78 
78 
78 
78 









61 
42 58 
42 58 
42 58 
42 58 
42 












76 81 84 88 
76 81 84 88 
76 81 84 88 
76 81 84 88 
76 81 84 88 
76 81 84 88 
76 81 84 88 
76 81 84 88 
77 81 84 88 
77 81 85 87 
77 85 
87 
54 
51 
51 68 74 
51 61 64 78 
51 61 74 78 83 
51 61 74 78 83 86 
51 61 74 78 83 86 
51 69 73 78 81 85 
61 79 81 83 
69 81 85 
69 80 81 85 
68 80 81 











70 
70 
70 
70 
70 
70 
70 


72 
72 
72 
72 
72 
72 
72 
71 72 
71 
71 
71 
71 
71 
70 71 
70 
70 
70 
70 
70 
70 
















42 58 70 76 
42 58 70 76 
42 58 70 76 
42 58 70 76 
42 70 75 
42 68 70 75 
62 70 75 
62 70 
51 62 
51 62 
62 




















49 
49 
49 
49 
49 60 
49 59 60 
49 59 60 
49 59 60 
49 59 60 





65 73 
59 63 65 75 
59 63 65 75 
59 63 65 75 
59 63 65 75 
59 63 75 
59 75 














59 71 
59 71 
59 71 
59 71 
59 71 
59 71 
59 71 
































43 
43 
43 
43 
43 

















































74 
74 
74 
74 
74 
74 
74 
74 
74 
74 



















74 
47 74 
47 74 
47 74 
47 74 
47 74 
47 74 
57 74 
57 




































66 71 75 
61 66 71 75 
51 61 66 71 75 
51 61 66 71 75 
51 61 66 71 75 
51 61 66 73 75 
51 61 66 73 75 
51 61 65 73 
51 63 















































89 
89 
89 
89 
89 



86 
86 




80 
80 
49 64 73 78 80 
49 64 73 78 80 
49 64 73 75 80 
49 64 73 75 80 
49 68 70 73 
49 70 73 
70 
39 





















57 83 87 
57 83 87 
57 83 
57 83 
57 83 
57 83 
57 83 
83 






























45 
45 
45 
45 
45 










































































64 
64 
64 
64 
64 
64 










































70 
70 
70 
70 
70 
70 

















77 
66 70 77 
66 70 77 
66 70 77 
66 70 77 
66 70 77 
66 70 77 
66 70 77 
66 70 77 
70 

















74 78 
45 59 68 71 74 
42 59 71 72 75 
42 59 71 72 73 
50 71 72 73 
50 71 72 73 
50 71 72 73 
72 71 72 77 
71 72 74 77 
71 74 77 
74 77 
73 74 77 
73 74 77 
73 74 77 
74 
74 
74 
74 
74 
74 
74 
74 
74 


73 
73 
73 
73 
73 
73 

76 
76 
76 
76 
76 
76 
76 
76 
76 
76 
76 
76 
76 
76 
76 


75 
75 
75 
75 
75 
75 












65 76 
50 59 65 76 80 
50 59 66 75 80 
50 65 76 80 
50 59 76 
50 59 76 
50 
70 
70 
70 
70 
70 
70 
70 































75 
75 
75 
75 
75 
75 
75 
75 
75 
75 







60 64 
50 59 60 64 66 
50 59 64 66 
50 57 64 65 68 
50 57 64 68 
54 66 
55 





































49 63 66 74 
63 64 67 73 
46 63 64 70 73 
49 63 64 70 73 
63 64 70 73 
70 70 
70 














































73 75 
73 75 77 
73 75 77 
73 75 77 
75 77 
75 76 77 
75 76 77 
76 77 
69 74 76 77 
69 74 77 
65 74 77 
64 77 
74 

























48 
48 
48 
48 
48 
48 





80 
80 
80 
80 
80 
80 
80 
80 
80 
80 












76 
76 
76 
76 
76 
76 
76 
76 
76 
76 










86 
86 
86 
86 
86 
86 
86 



46 65 
46 65 
46 65 
46 65 
46 65 
46 65 
46 65 
46 65 
66 






















64 
59 64 
59 64 
59 64 
59 64 
59 64 



69 
59 56 59 61 64 66 79 
55 61 64 67 69 
51 57 61 64 69 
51 57 61 64 69 
50 57 61 64 69 
50 64 69 
















































59 
59 63 
59 63 
59 63 
53 
53 








63 
63 
63 
63 
63 
63 
























61 71 
56 61 71 
56 61 66 71 75 
56 61 66 71 75 
51 66 71 75 
51 66 71 75 
51 61 66 71 75 
51 61 66 71 75 
51 61 66 75 
65 76 
75 
75 
75 
75 


























78 
75 78 
75 78 
75 78 
75 
75 
75 
75 
75 
75 
75 
75 


63 66 71 
63 66 69 71 
63 66 69 71 
63 66 69 71 
63 66 69 71 
69 71 
































66 
66 
66 
66 
66 
66 
66 
63 66 
67 











71 
71 
71 
71 
71 
71 

















47 
47 
47 
47 
47 
47 
47 
47 

















59 63 64 69 73 
59 63 64 69 73 
59 64 65 69 73 
59 64 65 59 73 
59 64 
63 
63 






































































62 74 86 
62 74 76 80 83 
62 66 71 74 78 82 
62 68 71 74 78 82 
52 62 68 71 73 74 78 82 
52 62 68 71 74 78 83 
52 62 68 71 74 78 
52 62 68 71 74 
52 62 68 71 73 
52 










62 66 73 
59 62 66 68 73 
59 62 66 68 
59 62 66 68 
59 62 66 68 
59 62 69 
69 















65 71 75 
52 65 71 78 
55 61 70 74 78 81 85 
50 64 70 76 79 81 80 
55 64 71 76 79 80 82 
54 66 70 76 79 82 85 
50 60 76 76 79 82 80 85 
58 61 66 70 79 82 85 
61 66 70 75 79 82 86 
65 71 76 79 82 88 91 
64 76 77 84 88 92 
67 74 78 82 86 91 
74 79 82 86 91 
79 82 86 91 
82 96 
81 96 
36 69 77 89 
62 67 77 89 
62 67 77 89 
62 67 77 88 92 
67 77 82 89 
77 82 87 99 
77 82 87 89 
82 
82 83 
82 83 
83 
























72 83 
72 83 
72 83 
72 83 
72 83 
72 83 
75 82 


56 77 
46 53 77 80 
54 63 77 80 
56 70 83 
66 80 83 
56 80 83 
56 83 
86 


































50 60 
50 60 
50 60 
50 60 
50 60 
50 60 
50 60 
50 60 
50 60 66 
50 60 66 
50 60 66 
50 66 















59 62 66 
59 62 66 
59 62 66 
59 62 66 
59 66 76 
67 76 
67 76 
76 
76 
76 


















71 
71 73 
71 73 
71 73 
70 71 
70 
70 
70 
70 









62 73 
62 73 
42 67 73 
42 67 73 
42 67 71 
42 67 71 
37 66 71 73 
66 71 

















57 
47 56 
47 56 
47 56 
47 56 
47 56 
47 56 
47 


























78 
78 
78 
78 
78 
78 
78 
78 
78 
78 
78 
78 





49 64 70 73 
49 64 70 73 
49 64 70 73 
49 64 70 73 

