creating an lstm...	
missing seed text, using uniform probability over first character	
--------------------------	
6 74 81 
64 76 81 
46 71 74 81 
64 71 74 81 
64 71 74 81 
64 71 74 81 
64 71 74 81 
64 71 74 81 
64 71 74 81 
64 71 74 81 
64 71 74 81 
64 71 74 81 
64 71 74 81 
64 71 84 










70 75 76 80 
70 75 76 80 
70 75 76 80 
70 75 76 80 
70 75 76 80 
70 75 76 80 
70 75 76 80 
56 70 75 
75 




















76 
76 
76 
76 
76 
76 
76 














42 
42 
42 
42 
42 
42 
42 
42 


















56 
56 83 
56 63 85 
53 63 85 
53 63 85 
53 63 85 
53 63 85 
53 63 85 




58 
58 
58 
58 
58 
58 
58 
58 
58 
58 
58 58 
58 61 
58 61 
61 
61 
60 
60 
60 
60 
60 
60 
60 
61 66 
66 
66 
66 83 
66 78 
56 60 66 78 
56 60 66 78 
56 66 70 78 
51 66 70 78 
51 70 73 
70 




































56 61 
56 61 
56 61 
56 61 
56 61 
56 61 
56 61 
56 61 
56 
56 
56 
56 
56 





















64 
59 64 
59 64 
54 59 66 
54 59 61 65 
54 59 61 65 65 
49 51 56 61 65 
60 61 65 
65 













61 64 68 70 
41 56 61 64 68 70 
45 51 61 64 68 
49 45 51 61 64 68 
42 41 58 41 46 
51 41 
44 51 
44 51 






















54 
54 
54 
54 
54 75 78 
54 75 78 
76 78 
74 78 
64 71 74 
64 71 74 
64 71 74 
74 





































63 77 79 
63 77 79 
63 67 70 79 
63 67 70 79 
63 66 70 79 
63 66 70 79 
63 66 70 73 
66 73 80 
63 66 73 
63 66 
















73 
61 67 71 72 
61 66 71 77 
61 66 71 77 
61 66 70 71 77 
71 73 




















































70 
70 
70 
70 
70 
70 
70 
70 
70 
70 






















79 
69 76 
69 73 76 
69 73 76 
59 63 67 76 
59 63 66 77 
57 63 66 72 77 83 
57 66 72 
76 82 
76 82 


71 
71 
71 
71 
71 



71 
61 66 70 78 
61 66 70 78 
61 66 70 73 
61 66 70 73 
61 66 70 73 
61 66 70 73 
73 






62 
62 
62 
62 
62 
62 
62 
62 
62 
62 
62 
62 
62 66 
62 66 
62 66 
62 
62 62 
62 
62 
62 
62 












66 
62 64 66 
62 64 66 
62 64 66 
62 64 66 
62 64 66 
62 64 66 
62 64 66 
62 64 
62 64 
62 












76 
76 
76 
76 
76 
76 
77 
77 
































65 
65 
65 
65 
65 
65 
65 
65 
65 
65 
65 
65 
60 65 
60 65 
50 60 65 
50 60 65 
50 60 65 
50 60 65 
50 60 65 80 
50 60 65 78 
50 60 
58 





































93 
93 
93 
69 
61 
61 
61 82 
61 82 
61 82 
62 81 86 
62 81 86 
62 81 
62 81 
62 81 
62 81 
62 81 
81 
81 
81 
81 

































47 59 76 87 91 95 
42 57 69 78 81 94 99 
47 56 79 81 84 97 92 
45 63 73 79 80 84 99 
43 57 73 69 80 84 93 
59 77 86 88 90 
49 76 87 93 
47 76 79 83 
49 76 79 80 
49 59 76 78 
49 59 76 78 86 
49 75 79 83 86 
49 75 79 83 88 
79 

































73 
68 73 
68 
68 73 
68 78 
68 78 
66 78 
66 

66 
66 
61 66 
61 66 
61 66 
61 66 70 
61 66 






























44 50 65 74 79 81 
44 50 64 65 78 81 84 
40 64 65 78 81 84 
40 54 78 81 84 
40 51 74 78 81 84 
40 51 74 81 84 
71 81 84 
81 
83 






































































75 
74 87 
74 87 
74 78 83 
74 78 83 85 
73 74 78 83 85 
73 74 75 77 83 85 
47 53 75 74 78 85 
48 59 74 75 80 84 
74 75 79 80 84 
54 74 77 
54 74 74 81 
54 71 74 81 
51 71 84 
51 81 
51 

68 
68 73 88 
63 78 82 
63 78 82 
63 78 82 
63 78 82 
53 68 72 82 
58 68 72 
68 



























37 64 76 
44 57 63 76 81 
44 75 76 83 
49 71 74 76 83 
49 73 74 76 81 83 
70 74 76 83 88 
70 74 76 80 83 
70 74 76 80 83 
70 74 76 80 83 
70 74 76 80 83 
70 74 76 80 83 
70 74 76 
74 
74 76 
77 
77 
77 













































69 
69 
69 
69 
69 
69 
69 








43 58 
43 58 
43 58 
43 58 
43 58 
48 
48 















44 59 65 73 77 
44 59 65 73 76 
44 59 73 76 
44 53 73 76 
44 53 73 
45 

































76 79 
76 89 
79 86 89 
79 86 89 
78 86 89 
78 86 89 
86 
86 




83 87 90 
80 83 87 90 
80 83 87 90 
80 83 87 90 
83 
83 
83 
83 
83 
83 
83 
83 
83 
83 
83 








82 
72 82 
72 82 
72 82 
62 72 77 80 
62 72 77 80 
72 78 
72 78 







67 78 82 85 89 91 
62 67 76 88 88 92 
49 76 82 88 94 
62 78 84 86 92 






















82 
82 86 90 
78 82 86 90 
78 82 86 90 
78 82 86 90 
78 82 86 90 
78 82 86 89 
78 82 86 89 
82 86 88 92 
86 88 92 
86 88 92 
86 88 92 
86 88 92 95 
88 92 95 
88 92 95 
88 92 95 
85 88 92 95 
85 92 



67 
67 74 87 
61 67 74 87 
61 67 73 84 
71 73 78 
73 77 
73 77 
73 























75 80 83 87 
60 75 78 83 85 
60 71 74 78 83 
51 61 74 77 83 
51 61 74 76 78 83 
51 64 76 79 83 88 
51 64 76 79 83 88 
64 79 83 88 
74 78 83 88 
74 83 88 






45 74 81 83 87 
45 58 71 73 80 84 
45 71 75 80 84 
45 71 74 80 85 
41 54 77 80 85 
41 75 80 

















61 75 
61 75 81 
61 75 81 
61 75 81 
61 75 81 
61 75 81 
61 75 81 
81 





























78 
78 
78 
78 
78 
78 
78 
78 
79 
79 
79 
79 
68 69 76 
68 76 
68 76 
68 76 
68 76 
68 76 
76 
76 























56 
56 
56 
56 
56 

















69 68 73 77 
68 69 73 77 
68 69 70 73 76 
68 69 70 73 
67 


























83 87 90 
73 80 87 93 
73 80 87 93 
73 80 87 93 
73 80 86 92 
73 80 82 86 
73 82 80 
80 82 













84 
47 
44 
44 
44 
44 
44 
44 
44 

































65 79 80 
65 78 84 
60 75 78 84 87 
51 60 74 78 85 88 
49 60 74 78 85 88 
40 60 74 78 88 
54 60 74 78 82 
50 64 78 82 
50 64 78 82 
50 64 78 82 
50 74 









































































47 63 
47 63 76 78 
47 57 63 73 76 81 
47 57 63 73 78 
57 63 73 78 82 
57 63 72 83 
57 63 72 83 
57 63 73 82 
57 63 73 82 
57 63 73 82 
57 83 






















48 
48 
48 
48 
48 61 
48 61 73 78 
48 61 73 74 
48 61 74 
48 71 
48 71 
48 71 77 
71 76 77 
76 
76 
76 














48 57 66 
42 57 68 76 81 
42 57 66 73 88 
42 57 76 82 88 
47 52 76 78 82 86 
47 56 72 76 82 88 
47 56 62 76 78 82 84 88 
47 66 76 82 88 84 
47 76 82 88 
78 82 
78 82 
78 
78 
78 










76 
76 78 
76 78 
76 78 
76 87 
76 88 
76 88 
76 

61 66 70 78 
61 66 70 78 
61 66 70 73 
61 66 70 73 
61 66 70 73 
61 66 70 73 
61 66 70 73 
61 66 70 73 
71 73 
71 


























68 
68 
68 
68 
68 
68 
68 
68 
68 





67 69 73 76 
64 67 69 73 76 
64 67 69 73 76 
46 69 73 74 76 
63 64 74 76 
63 64 67 74 


59 
59 















65 
65 62 67 
65 62 67 
65 67 
65 67 
65 67 72 
65 67 72 
65 67 72 




















62 
62 
42 63 
42 63 
42 63 
42 63 
42 63 
42 63 
43 
63 
63 
65 
65 



































































54 
54 
54 
54 
54 
54 













54 
54 
54 
54 
54 





































66 
66 
66 
66 
66 
66 
66 






































70 
70 
70 
70 
70 
70 

















77 
66 67 73 77 82 85 
66 68 73 87 
66 78 
66 78 
66 78 
66 78 
66 78 
66 78 
66 
66 73 
66 73 









75 78 
43 75 78 
43 57 73 78 82 8
54 73 77 82 85 
43 73 77 82 85 
34 73 77 82 85 
34 73 77 82 85 
43 73 74 82 85 
43 74 82 85 
71 84 82 
71 82 83 
41 62 83 
41 82 
81 
82 
82 





























56 
56 
56 
66 
66 
66 

68 
68 
68 
68 
68 
68 















76 79 83 87 
71 76 78 83 88 
77 81 83 87 84 
77 83 83 84 87 89 
73 78 83 88 92 
73 78 83 88 90 
73 83 87 85 90 
73 83 85 90 
73 
90 














































44 56 
44 56 
45 46 
45 
44 56 
44 56 61 
44 51 61 66 
34 61 46 57 61 
41 47 51 61 63 
42 51 41 51 63 
41 51 47 
41
41 
41 
41 



47 56 
47 57 62 66 
47 57 62 66 73 
47 57 62 66 69 73 75 78 
47 62 65 69 73 76 78 
45 62 66 71 74 78 
52 64 67 71 74 
71 74 















































74 76 
74 76 82 
74 82 86 
74 82 86 
74 82 86 
72 84 86 
72 86 84 
72 84 86 
74 82 86 
82 














































40 75 
40 57 74 
50 74 75 
40 54 71 74 
50 71 74 
51 70 74 
70 




















56 
56 71 
56 71 
56 71 
56 71 
56 71 73 
65 71 73 
55 69 70 73 
59 65 70 73 
59 70 75 
65 70 76 77 
56 70 76 
70 76 
76 




50 60 
50 60 
50 60 
50 60 
50 60 
50 60 
50 60 
50 60 
50 60 
















69 
69 
59 69 
59 69 
59 69 
59 69 
59 69 
59 





66 70 74 77 
62 64 67 70 74 
62 64 67 70 74 
62 64 67 70 74 
62 64 67 70 74 
62 64 67 70 74 
62 74 
64 72 






























63 
63 
63 
63 
63 
63 
























61 73 75 80 
61 73 75 80 
61 73 75 80 
61 73 75 80 
61 73 75 80 
61 73 75 80 
70 75 85 
70 

















87 
78 
78 
78 
78 

























73 75 
68 73 
68 73 
68 
68 
68 70 
68 72 
















































75 
75 
75 
75 
75 
75 
75 
75 
75 
75 





69 69 71 73 76 
69 69 71 73 76 
69 71 73 76 
69 71 73 76 
69 71 73 76 
69 73 76 








72 75 
72 75 
72 75 
72 75 79 
72 75 79 
72 75 79 
72 79 
72 79 
72 79 
72 79 
72 79 
72 79 
72 78 
72 78 
72 78 
72 78 
62 73 77 78 79 83 
62 73 74 77 83 
72 























49 
49 
49 
49 
49 
49 
49 




























62 75 82 
62 75 77 82 88 
52 62 76 77 79 85 88 
59 62 62 76 77 84 88 
59 62 66 70 78 84 88 
52 62 66 76 78 84 88 
52 62 76 88 84 
52 62 76 84 88 
52 62 76 84 88 
52 62 76 84 88 
52 78 84 88 
84 85 
85 






















57 
57 
57 
57 
57 
57 
90 
90 
66 68 
66 78 89 93 
66 78 83 89 96 
63 66 78 83 86 90 
63 66 68 73 80 83 
66 73 80 83 86 
63 76 80 83 83 
66 73 80 83 87 
63 







49 
49 
49 
49 
49 
































57 53 64 69 81 
57 54 61 63 69 81 76 
50 59 61 66 73 80 
51 60 66 73 80 
51 60 73 76 80 
51 63 70 73 86 
50 73 76 80 
56 73 76 


74 78 
64 74 78 86 
58 64 74 78 86 
58 64 74 78 86 
58 64 74 78 88 
58 64 74 78 88 
58 64 74 78 88 
54 64 78 84 86 
58 74 84 86 
74 81 84 


















































63 
63 
63 
63 
63 
63 





















61 
61 
61 
61 
61 
61 
61 
61 





















































54 
44 51 
44 51 67 74 
41 41 64 77 
41 41 64 71 
44 61 64 
41 41 
41 41 
41 41 
41 41 
41 41 
41 41 
41 41 
41 41 
41 41 
41 41 
41 41 
41 41 
41 41 
41 41 
41 41 
41 41 
41 41 
41 41 
41 41 
41 41 
41 45 
41 54 
41 54 
51 45 
51 
51 



67 
67 
67 
67 
67 
67 
67 
77 
77 










62 66 68 
62 66 68 
62 66 68 
42 62 66 68 
62 62 66 
62 66 
62 66 
62 
62 




























78 
78 
80 
80 
80 
80 
80 
80 
80 
80 
80 
80 














77 
77 
77 
77 
77 
77 
77 
77 
77 
77 
77 
