creating an lstm...	
missing seed text, using uniform probability over first character	
--------------------------	
6 73 81 
66 73 76 81 
66 73 76 81 
66 73 76 81 
66 73 76 81 
66 73 76 81 
80 
















71 
71 
71 
71 
71 
71 
71 
71 
71 



47 
47 
47 
47 
47 
47 
47 
47 



49 59 
49 59 
49 59 
49 59 
49 59 
49 59 
49 59 
49 59 














48 57 65 69 76 
48 57 66 69 75 
47 56 69 75 
54 65 69 76 
55 64 68 76 76 
54 58 64 67 75 
58 64 70 75 
64 70 76 
















































66 
66 82 
66 82 
66 82 
66 82 
66 82 
66 82 
66 82 
82 


















78 
78 
78 
78 
78 
78 
78 
78 
78 
78 
78 
42 73 74 
42 73 74 
42 73 74 
42 73 74 
42 73 74 
42 74 76 
74 
74 
74 76 
74 76 74 77 
74 77 
74 77 
74 77 
74 77 
77 
77 
77 
61 66 67 70 72 77 
61 66 70 72 77 
61 66 70 72 77 
61 67 70 72 77 
61 70 72 77 
61 72 77 
72 78 



















56 
56 
56 
56 






51 
51 
51 
51 61 
51 61 
51 61 
61 
61 67 70 74 
61 67 70 74 
61 67 70 74 
61 67 70 71 72 
61 67 71 72 
67 71 
71 7






































71 
71 
71 
71 
71 
71 










54 73 
54 73 
54 73 
54 73 
54 73 
73 
73 
73 
73 
73 
73 
73 
73 
73 
73 
45 61 67 71 
46 51 61 66 71 
45 51 61 66 71 
51 66 71 
51 71 
71 
66 71 76 
66 71 76 
66 71 76 
66 71 76 81 
66 71 78 
66 71 






























65 
65 68 70 72 
65 68 72 75 
68 72 75 
68 72 75 
68 72 75 
68 72 75 
72 























80 
80 
80 
80 
80 
80 
80 
80 
80 
80 



83 
83 
83 
83 
83 
80 83 
80 
80 
80 
80 
78 80 
78 80 
78 80 
78 80 83 
78 80 83 
78 80 
78 80 
80 


47 57 76 
47 57 63 76 78 
47 57 66 73 78 
47 57 66 73 78 
47 57 66 73 78 
48 75 
75 
75 






71 
71 
71 
71 
71 
















63 
63 
63 
63 
63 
63 
62 63 
62 
62 
61 62 
61 
61 
61 
61 
61 
63 
63 
63 
66 
66 
66 
54 60 66 69 74 
54 60 66 69 74 
54 66 69 75 
44 65 69 75 
44 57 65 69 71 75 
45 56 66 71 75 
66 71 76 
67 71 76 
68 71 76 
68 71 


































59 62 66 
59 62 66 
59 62 66 
59 62 66 
59 






74 
74 80 83 87 
74 80 83 86 87 
74 80 83 86 87 
74 80 83 86 87 
74 75 80 83 86 87 
74 75 80 87 
74 81 
74 
74 
72 74 
72 74 





















44 
44 
44 
44 
44 
44 




81 83 
81 83 
81 83 
81 83 
81 83 
81 83 
81 83 
81 
81 
81 
81 
81 
81 
81 
47 57 62 67 71 74 78 85 
57 62 67 74 78 81 85 
57 62 67 74 78 81 87 
57 62 64 71 78 85 87 90 
62 74 78 81 85 85 90 
72 84 
52 






















74 86 
74 86 
74 86 
74 86 
74 86 
74 86 
74 86 
74 86 














72 
72 
72 
52 62 67 74 79 
52 62 67 71 74 79 81 
52 62 67 71 74 80 81 
52 62 67 71 78 80 83 87 
52 71 74 78 80 83 88 
52 74 78 80 83 88 
78 80 
78 
77 
77 
77 
77 































73 
73 79 
73 79 
73 79 
73 79 
73 79 
73 79 
73 79 
73 79 
73 79 
73 79 
71 79 
71 



71 75 
71 75 77 
71 75 77 
71 75 77 
71 75 77 
71 75 77 
71 75 77 
71 75 77 
71 75 77 
71 75 77 
71 75 77 
71 75 77 
68 71 74 77 
68 71 74 77 
71 75 77 
71 75 77 
71 77 











































49 79 82 
49 59 77 80 
49 75 79 80 
49 59 71 75 78 82 
49 71 75 78 82 
49 71 75 78 
42 77 
54 72 77 
44 59 72 77 
44 59 72 77 
44 57 72 77 
44 77 

























73 
73 
73 
73 
53 77 
53 
53 78 
53 78 81 
53 78 81 
58 78 
58 78 
78 
77 
53 53 63 68 70 73 77 
53 53 66 68 70 73 77 
53 63 66 70 73 75 
63 68 70 73 75 
53 68 70 73 77 
53 68 70 73 77 
63 78 































































































59 
59 
59 
59 
59 
59 70 73 79 87 
50 59 70 72 77 79 81 
50 59 70 71 72 77 79 81 
50 59 71 71 77 79 80 83 
51 71 75 78 80 81 87 
41 58 71 75 78 81 87 
41 57 71 75 78 81 87 
41 57 75 77 81 87 
45 57 71 77 85 
44 57 71 
73 





















































69 
69 
69 
69 
69 
69 
69 
69 









69 
55 61 66 69 
55 61 66 69 
55 61 66 69 
51 56 61 66 69 
55 61 66 69 
56 












































59 64 67 69 
54 60 63 64 69 76 
50 64 69 66 69 
54 61 64 66 69 
54 61 66 69 74 
61 64 69 76 
64 69 76 
64 76 
64 76 
64 76 
64 76 
64 76 
76 
76 
















64 68 70 73 
64 68 70 73 
64 68 70 73 
64 68 70 73 
64 68 70 73 
64 68 70 73 
64 68 70 73 
64 70 73 
64 70 
64 
64 
64 
64 
64 
64 
64 


























73 78 
73 78 81 85 
73 78 81 85 
73 78 81 85 
73 78 81 85 
73 78 81 85 
73 78 81 85 
73 76 















58 62 
52 62 
52 62 
52 62 
52 62 
52 62 70 73 76 79 72 77 
52 66 70 72 79 
52 62 70 77 79 
62 70 79 
62 77 






59 64 68 79 
59 64 68 76 
59 64 68 76 
59 64 68 76 
64 76 
64 76 
64 76 
76 
76 
76 
76 
76 
76 
76 
76 
49 75 76 
49 75 76 
49 75 76 
49 75 76 
49 75 
49 75 
49 73 75 
49 73 75 
49 73 75 
49 73 75 
49 73 75 
63 75 
75 
75 
75 
75 
51 75 
51 75 
51 65 70 
51 60 65 
60 65 
60 65 
60 65 
60 65 
60 65 
60 65 
61 
58 
51 58 
48 58 71 
48 71 75 
48 71 75 
48 71 75 
71 75 
71 75 
71 75 
71 75 
71 75 
71 75 
71 75 
71 75 
75 71 75 
71 75 


51 65 
41 51 
51 
51 
51 
51 66 73 
61 64 67 73 
61 64 67 70 
61 64 67 
61 64 67 
64 


















83 87 90 
78 83 87 90 
78 83 87 90 
78 83 87 90 
78 83 87 90 
78 83 87 90 
78 83 87 90 
78 83 87 90 
78 83 87 90 
78 83 87 90 
78 83 90 
90 











79 87 
60 74 79 88 
60 74 79 82 
60 70 74 79 82 
60 70 74 79 82 
70 74 79 82 
70 74 79 
74 79 



72 84 
72 84 
74 82 
74 82 
74 82 
74 82 
74 82 
74 82 
74 82 



















72 84 
72 74 79 84 
72 74 79 84 
72 74 79 84 
72 74 79 82 
72 74 79 
72 74 77 80 
72 74 77 80 
72 77 80 
72 75 80 
72 75 80 









61 64 67 72 78 81 
58 64 67 71 76 82 78 85 
61 62 66 71 74 78 81 86 
61 64 66 71 73 74 81 86 
61 66 71 74 81 83 
61 73 74 81 
67 74 81 
67 74 79 
74 77 84 
74 77 



74 80 82 87 
74 80 82 87 
74 75 80 82 87 
74 75 80 82 87 
74 75 80 82 87 
74 75 80 82 87 
80 82 


64 
52 61 66 
42 51 62 66 
41 52 63 66 
41 52 63 66 
41 52 63 66 
41 62 64 
62 64 
52 64 



















































83 
83 
83 
83 
83 
83 
83 
83 
83 
83 
83 
83 



72 78 
72 78 
62 72 78 
62 72 78 
62 72 78 
62 72 78 
62 72 78 
62 72 78 
62 72 




















57 62 69 
57 62 66 69 
57 62 66 69 
57 62 66 69 
57 62 66 69 
57 62 66 69 
57 62 69 
57 62 















































60 64 66 79 81 84 88 
60 64 66 79 83 86 
60 64 66 71 79 83 86 
61 64 66 70 79 83 86 
61 66 69 74 78 81 86 
64 66 69 74 78 81 86 
64 66 74 71 78 84 86 
64 76 78 84 86 87 
64 74 78 86 
64 78 
78 
78 
78 



77 
77 
77 
77 
77 
77 
77 
70 77 
70 
70 
70 
70 
70 
70 
70 
70 





















51 67 
51 67 76 
51 67 76 
51 67 76 
51 67 67 76 
57 67 76 
57 67 
65 































76 88 
76 88 
76 88 
76 88 
76 88 
76 88 
76 88 
76 88 
76 88 
76 88 
76 88 
76 88 

75 81 82 87 
71 85 87 12 
78 81 85 
73 82 85 88 
73 82 85 88 
73 82 85 
73 82 85 
73 82 
73 
42 
42 58 61 65 68 
32 60 65 68 
32 42 60 55 
30 52 65 68 
52 65 68 
62 66 
37 46 




















72 
72 77 82 
63 72 77 82 
63 72 77 82 
63 72 77 82 
63 72 77 82 
63 72 77 82 
63 72 77 82 
63 72 77 82 
72 77 82 
72 74 
72 
72 76 
72 
71 72 
71 72 
71 72 
71 72 
71 72 
72 
72 
69 72 
69 72 
69 72 
69 72 
69 72 
69 72 
69 











68 73 78 
68 73 78 
68 73 78 
68 73 78 
73 78 























70 
70 
70 
70 
70 
70 


























64 71 
64 71 
64 71 
64 71 
64 71 
64 71 
64 71 
64 71 
64 71 72 
71 72 73 
71 72 73 
71 72 73 



































73 77 80 
77 83 
70 73 78 
70 73 78 
70 73 78 
70 73 78 
70 73 78 
70 73 78 
70 






























69 79 
60 69 74 76 79 
61 64 67 74 76 79 
61 64 67 74 76 79 
61 64 67 74 79 
64 67 73 79 
64 67 73 79 
64 67 73 79 
64 67 79 
64 79 
69 
69 
69 
69 

















































40 64 69 
40 59 64 66 69 
40 59 62 66 69 
40 59 62 66 69 
40 59 62 69 
59 62 
59 62 





































81 
81 
81 
81 
81 
81 
81 
81 
81 
81 



74 
74 77 81 
74 77 81 
74 77 81 
74 77 81 
74 77 81 
74 77 81 
74 77 81 
74 77 81 
74 77 81 
74 77 
71 



















78 
61 64 67 71 78 
64 61 71 74 78 
61 64 67 71 74 78 
61 64 67 71 78 
61 64 67 71 
61 64 67 71 



















































66 
66 71 
66 71 
66 71 
66 71 
66 71 


64 
64 
64 74 
64 74 
64 71 74 
64 71 
64 71 
64 71 
64 71 


64 
64 69 
64 69 
64 69 
64 69 
69 



































48 
48 
48 
48 
48 
48 
68 
68 
68 
68 
68 

68 
68 
68 
68 
68 
68 
70 
70 
70 
70 
70 
70 


57 69 
47 57 69 
47 57 69 
47 59 69 76 
49 57 69 76 
49 70 76 
69 
























73 78 
73 78 81 85 
73 78 81 85 
73 78 81 85 
73 78 81 85 
78 81 85 
81 84 


















81 
81 
81 84 87 
81 84 87 
81 84 87 92 
84 87 92 
84 87 92 
84 87 92 
84 87 92 
84 87 92 
84 87 92 
84 87 92 
84 87 
84 




























55 59 65 68 
55 59 65 63 68 
55 59 63 65 68 
59 63 65 68 
63 65 68 
63 65 68 
63 



























68 
68 
68 
68 
68 
68 
68 















73 
73 
73 
73 
73 
















79 
79 
79 
79 
79 
79 
79 
79 
79 
48 74 
48 48 
48 
48 
48 
48 
48 
48 

















73 77 83 
69 73 77 83 
69 70 73 77 80 
69 70 73 77 80 
69 70 73 77 80 
69 70 73 77 80 
69 80 
70 73 80 
70 73 80 
80 

























49 59 73 76 
49 59 73 77 
49 59 73 77 
49 59 75 77 
49 59 57 60 73 75 77 
49 58 64 70 73 75 77 
44 58 68 70 73 77 
41 70 
71 70 
61 70 
61 70 




42 
42 
42 
42 
42 
42 58 61 
42 58 61 65 
42 58 61 65 
42 58 61 65 
42 58 61 65 
42 58 61 65 
42 61 55 68 
64 























60 
60 
60 
60 
60 
60 
60 
60 
60 
60 






66 
66 
59 62 66 69 
59 62 66 69 
59 62 66 69 
59 62 66 69 
59 62 66 69 
59 63 66 69 
59 66 69 

















46 
46 
46 
46 
46 
46 





55 
55 
55 
55 
55 
55 
55 



































30 
30 
30 
30 
30 



































68 76 
64 68 76 
64 68 76 
64 68 76 
64 68 76 
64 68 76 
64 67 76 
64 67 76 
67 76 
67 76 
67 76 
67 76 
67 76 
67 76 
67 76 
67 76 
67 76 
67 76 
67 76 
76 
76 
76 78 
78 
64 67 72 78 81036 66 60 69 72 78 84 
67 62 68 71 74 78 82 
64 68 71 74 78 
62 68 71 74 78 
62 68 71 74 78 
62 68 71 74 78 83 
62 71 74 85 



























46 
46 
46 
46 
46 
46 
46 
46 
66 
66 
66 
66 68 
66 68 
66 68 
68 
68 
65 68 
49 58 65 
49 58 65 
49 58 65 
49 58 65 70 
49 58 65 70 
5
