66 72 81 
66 71 82 
66 71 82 
66 71 82 
66 81 
66 81 































73 
73 
73 
73 
73 
73 
























41 73 
41 73 
41 73 
41 73 
41 73 
41 73 
41 73 
41 73 
41 
44 
































75 
75 
75 
75 
75 
75 
75 
75 














51 
51 
51 
51 
51 65 
65 
65 78 
65 78 
65 78 
65 78 
65 78 
78 

















































65 
65 75 
65 75 
65 75 
65 75 
65 75 
65 75 





























68 72 
68 72 
68 72 
68 72 
68 72 
72 
68 
68 
68 
68 
68 
68 
46 58 70 
48 57 60 
48 57 60 
48 57 60 
48 57 60 
48 57 65 
48 57 55 68 
48 57 58 65 
48 58 
58 
68 
68 













50 70 
50 70 
50 70 
50 70 
50 70 
50 70 
50 70 
50 

































65 
65 
65 
65 
65 























62 66 69 
59 62 66 69 
59 62 66 69 
59 62 66 69 
59 62 69 
69 





50 62 
50 62 
50 60 72 
50 60 72 
50 60 72 
50 72 
50 72 
50 72 
75 


















73 78 
66 70 73 78 
66 70 73 78 
66 70 73 78 


























74 
74 
74 
74 
74 
74 
74 





76 
76 
76 
76 
49 76 
49 76 
49 76 
49 76 
49 76 
49 76 
49 76 
49 76 
49 76 
49 76 
49 76 
49 76 
49 76 
49 76 
49 76 
49 76 
49 76 
49 76 
49 76 
49 
49 51 
59 61 66 70 
59 61 66 70 
59 61 66 70 
59 61 65 70 
59 61 65 70 
49 61 65 70 
49 















73 
73 
73 
73 
73 
73 
73 
73 
73 
73 



75 
66 75 
66 75 
66 75 
66 75 
66 75 
66 75 
75 






48 64 
48 58 64 
48 58 64 
48 58 64 
48 58 64 
48 58 64 
47 58 



56 
56 
56 
56 
56 
56 
56 74 
56 74 
76 
76 










74 
74 
74 
74 
74 
74 
74 
74 
74 













50 70 
50 70 
50 70 
50 70 
50 70 
50 70 
70 




























74 
74 
74 
74 
74 
74 
74 














78 
78 
78 
78 
78 
78 
78 
78 
78 
78 



















50 65 
50 65 
50 59 65 
50 59 65 
50 59 65 
50 59 
50 59 
50 59 
59 








































72 
72 
72 
72 
72 







83 
83 
83 
83 
83 
83 
83 
83 






68 
68 
68 76 
65 76 
65 76 
65 76 
65 76 
56 75 
77 
77 



















































42 
42 
42 
42 
42 
42 
42 
52 62 
52 62 
52 63 
52 73 
73 
73 
73 
73 


61 
61 
61 
61 
61 67 71 
65 69 72 
65 69 72 
65 69 72 
65 69 
69 
69 70 
69 70 
70 
70 
70 

























78 90 
78 90 
78 90 
78 90 
78 90 
78 















78 90 
68 77 89 
77 89 
77 82 89 
77 82 89 
77 78 82 89 
80 84 














61 63 67 73 
61 63 67 70 73 
61 63 66 73 79 
63 61 67 73 
61 67 
61 67 
61 
61 
































64 
64 
64 
64 
64 
64 










































62 
59 62 66 68 
59 62 66 68 
59 62 66 68 
59 62 66 68 
59 62 66 68 
59 62 66 68 
59 62 66 68 
59 62 66 68 
59 62 68 
56 














































68 
68 
68 
68 
68 
68 
68 












75 
75 
75 
75 
75 
75 
75 













88 
86 88 
86 88 
86 88 
86 88 
86 
86 
86 
86 
86 
86 
86 
86 
86 
86 
86 
86 

89 
89 
89 
89 
89 
89 
89 
89 
87 
87 












65 78 81 90 
65 76 80 81 90 
65 76 80 81 92 
61 66 70 86 91 
61 66 70 78 81 92 96 
61 66 70 78 91 92 
60 66 79 80 92 97 
66 70 78 92 95 
60 87 92 


61 
61 
61 
61 
61 
61 
61 




















40 80 92 94 
44 80 90 92 
44 80 90 92 
44 80 90 92 
44 80 87 92 
44 87 90 92 
84 90 
89 














56 
56 
56 
56 
56 
56 
56 




45 
44 57 
44 57 
44 57 
44 57 
57 






























58 63 65 70 73 
53 65 73 
53 65 73 
53 65 73 
53 65 73 
53 73 
73 
73 
51 73 
51 73 
51 73 
73 
73 
73 







68 
68 
68 
68 
68 
















77 
77 
77 
77 
77 
77 
77 



58 70 76 
48 58 67 70 76 
48 58 67 70 76 
48 58 67 70 76 
48 58 67 70 76 
48 58 67 70 76 
48 58 67 70 76 
48 58 66 70 77 
48 65 68 70 77 
49 65 68 75 77 
48 65 75 77 
48 65 77 
68 77 
75 
75 
75 
75 













61 66 70 73 
61 66 70 73 
61 66 70 73 
61 66 
61 
61 
61 
61 
61 


74 76 
64 69 73 76 
46 69 72 74 
64 69 72 
64 69 72 
64 69 72 
64 79 
79 







72 
72 
72 
72 
72 
72 
72 

























41 
41 
41 
41 
41 
41 
41 
41 
41 
















50 
50 
50 
50 
50 
50 
50 






48 
48 
48 
48 
48 
48 

























49 58 63 
49 58 63 
49 58 63 
49 58 63 
49 58 63 
48 



















63 67 72 77 
62 67 70 73 77 
62 67 70 73 77 
42 61 68 70 72 77 
61 70 73 78 
70 71 73 
70 73 76 
70 73 76 
































79 
79 
79 
79 
79 
79 
79 
79 
79 
79 



85 
85 
85 
85 
85 
85 
85 



68 
68 
49 68 
49 68 
49 68 
49 68 
48 64 68 73 
48 64 68 70 73 
48 64 67 70 73 
48 64 67 70 73 
48 64 67 70 73 
47 64 68 70 73 
46 59 70 73 75 
59 68 70 73 75 
58 68 70 73 75 
58 68 70 73 75 
58 68 70 73 75 
73 75 
73 75 
73 75 
73 75 
73 75 
73 75 
75 
75 
75 
75 
75 
75 
















50 
50 80 
50 80 
50 80 
50 80 
50 80 
50 























































46 
46 
46 
46 






































54 
54 
54 
54 
54 
54 









55 80 
50 85 
50 85 
50 85 
50 85 
85 
85 
85 
86 























75 79 83 86 
70 75 79 83 86 87 
70 75 79 83 87 
75 79 83 87 
75 79 83 87 
75 79 83 87 
75 79 83 87 
75 79 80 83 87 
75 79 80 83 
79 80 83 
80 



































49 68 71 76 
49 58 66 71 75 
48 69 75 
68 73 79 
68 
































61 66 70 
61 66 70 
61 66 70 
61 66 70 

























































45 54 
45 55 61 70 
45 51 61 70 
45 51 61 70 
45 51 60 73 
40 51 60 73 
40 50 61 73 
73 80 















































57 61 64 66 68 73 
57 61 64 66 68 73 
57 61 66 68 73 
47 61 63 66 68 73 
47 63 68 
63 68 




68 72 80 
68 72 80 
68 72 80 
68 72 80 
68 70 82 
67 80 82 
60 66 70 82 
60 66 80 
60 66 80 
60 66 80 
60 70 
70 






















66 
66 
66 
66 
66 
66 











43 
43 
43 
43 
43 

















































75 
75 
75 
75 
75 
75 
75 
85 
85 
85 















47 59 73 74 80 
47 59 73 78 81 
45 59 73 78 81 
45 53 79 81 83 
49 83 89 
69 88 99 












































52 63 
52 63 74 
52 63 74 79 
53 62 74 79 
53 62 74 79 
53 62 79 

59 
49 59 71 
49 59 71 
49 59 71 73 
49 59 71 73 
71 73 
71 73 
73 78 
73 78 80 
73 78 80 
73 78 80 
78 80 




61 
46 61 
46 61 
46 61 
46 










































62 69 71 76 
62 69 71 73 76 81 
62 69 71 73 77 81 
62 69 73 77 81 
62 69 73 77 81 
69 73 77 81 
69 73 77 81 
69 73 77 81 
69 73 77 81 
69 73 77 81 
69 73 77 81 













42 
42 65 68 72 85 
48 62 65 68 75 
46 62 65 65 70 
46 62 65 68 70 
46 62 65 68 70 
46 62 65 68 70 
46 65 68 70 
56 68 70 
66 70 
















61 66 69 
61 66 69 70 
61 66 69 70 
66 69 75 
69 75 
69 75 

















53 
53 
53 
53 
53 
53 
53 


















64 68 
48 59 64 68 71 76 
49 58 64 69 76 
49 58 64 69 76 
49 64 69 74 
64 69 74 
64 74 





















































































































54 
54 
54 
54 
54 
54 








































77 89 
77 89 
77 89 
77 89 
77 89 
77 89 
77 89 










57 64 78 83 
57 69 83 
47 58 63 69 78 83 
58 64 68 73 78 80 85 
58 63 68 70 73 78 81 85 
58 63 71 74 78 81 83 88 
59 64 68 71 78 83 85 88 
64 71 78 83 85 88 
78 83 84 88 
84 85 
































64 
56 59 64 66 
55 64 66 
55 64 66 
55 64 66 
54 65 66 
64 65 66 78 
64 66 68 
64 66 68 
64 68 
69 
69 
69 
69 
69 
69 











52 
52 
52 
52 
52 
52 
52 60 
60 
60 
60 
63 66 72 
57 63 66 71 75 
53 67 69 71 73 
57 63 69 71 77 
53 67 71 77 79 
57 63 79 















84 
84 
84 
84 
84 
84 
84 
84 












































40 85 
40 85 
40 85 
40 80 84 85 9 
40 80 84 89 
40 80 84 89 
40 80 84 89 90 
44 80 86 89 90 
44 81 86 90 
81 86 








90 
90 
90 
90 
90 
90 
90 
90 
90 







56 87 
56 87 
56 85 
56 85 
56 85 
56 85 
56 85 
56 85 
85 
85 
85 
85 










85 
85 
83 85 
83 85 
83 
83 
83 
83 
83 
83 
83 




75 
61 65 77 80 85 
61 66 70 75 78 82 
56 61 65 70 77 82 
56 60 73 75 80 
65 70 75 80 
75 













































57 
57 
57 
57 
57 
57 
57 













73 
73 
73 
73 
73 
73 
























70 74 80 
50 59 64 71 70 75 80 
50 59 71 75 77 80 
50 59 71 75 79 80 
50 59 71 75 87 90 
50 61 73 79 805 59 
79 80 90 
49 59 80 
49 59 80 
49 59 65 70 73 79 
49 59 71 75 
49 59 71 75 
71 74 
71 74 
71 74 77 80 
77 80 84 87 
77 80 84 87 
77 80 84 87 
77 80 84 87 
77 80 84 87 
77 80 
86 87 
87 
87 



88 95 
86 85 88 95 
85 86 
86 85 
85 86 
85 86 
85 86 
86 
86 
88 


44 59 85 86 
44 59 75 78 84 85 
49 75 78 84 85 
49 75 78 85 85 
49 75 78 85 
49 75 78 85 
49 75 85 













































54 65 
54 65 
54 65 70 
54 65 70 
54 65 70 
54 65 70 
54 65 70 
45 56 69 75 
45 65 71 76 
45 55 67 71 76 
45 75 76 77 
41 75 77 
57 71 75 76 
75 71 76 
71 
71 




























69 75 
62 66 69 73 75 79 81 
62 65 66 69 71 73 75 
61 66 69 71 73 
66 69 71 73 
66 69 71 
69 













































56 
56 
56 
56 
56 
56 
81 
81 
61 72 83 
61 73 82 
61 73 82 
61 83 
61 83 



















69 
69 
69 
69 
69 
69 
69 
69 























78 
78 
78 
78 
78 
78 




76 
76 
76 
76 
76 
76 
76 
76 
76 

70 
70 
70 
70 
70 




64 70 
64 70 
64 69 70 
64 65 69 70 
64 65 69 70 
64 65 69 70 
64 65 69 70 
64 65 69 70 
64 65 69 70 
64 65 69 70 
64 65 69 70 
64 65 69 70 
64 65 69 70 
64 65 69 70 
64 65 69 70 
64 69 70 
64 70 
64 67 70 
68 70 
70 
70 
70 
70 
70 

73 
73 
73 


75 
75 
75 
75 
75 
75 
75 
75 
75 77 
64 69 72 76 
64 67 72 76 76 
66 69 72 77 
67 66 72 77 
66 67 72 77 
66 67 72 77 
66 66 69 
66 67 69 75 
66 67 69 75 
66 67 79 
69 


47 
47 
47 
47 
47 
47 59 76 
49 57 64 79 83 
47 59 60 69 73 76 80 
49 57 61 73 79 80 
49 57 63 69 73 78 81 
47 59 63 69 73 78 81 
39 69 73 81 
69 81 


























61 71 82 85 
61 71 73 78 80 85 
61 67 71 73 77 80 85 
61 67 71 73 77 80 85 
63 67 71 73 77 80 85 
63 71 77 77 80 85 
61 70 75 77 80 
55 77 
58 













80 
61 80 
61 62 80 
61 82 
60 61 82 
60 81 82 
60 81 82 
61 80 82 
61 80 82 
61 80 82 
80 






























65 69 72 77 
65 69 72 77 
65 69 72 77 
65 6
